0 0 0 0.16047639250907227981 0
0.010000000000000000208 0 0 0.1605455390591759568 0
0.020000000000000000416 0 0 0.16076419597336427669 0
0.02999999999999999889 0 0 0.16120211588547897485 0
0.040000000000000000833 0 0 0.16188495482876982812 0
0.050000000000000002776 0 0 0.16271477643804052593 0
0.05999999999999999778 0 0 0.16335825984003535249 0
0.070000000000000006661 0 0 0.16312974176375458213 0
0.080000000000000001665 0 0 0.16093819233217782072 0
0.089999999999999996669 0 0 0.15542372677569174511 0
0.10000000000000000555 0 0 0.14546403378909464332 0
0.11000000000000000056 -15.590603816966249084 118.78724823937672284 0.13124589760564370211 0
0.11999999999999999556 -20.842181373616927686 158.41295780050572262 0.11516318006350090286 0
0.13000000000000000444 -26.649672540214051963 199.58418748140695698 0.10081565249911948745 0
0.14000000000000001332 -32.711842755488312662 240.07272857877424599 0.09068828263115233379 0
0.14999999999999999445 -38.66270432562883741 278.45545812494117399 0.08523117833407757582 0
0.16000000000000000333 -44.181160245601972747 313.95698781965700164 0.083623940071138408436 0
0.17000000000000001221 -49.078216516564623362 346.20561253449233163 0.084672368245850768154 0
0.17999999999999999334 -53.288550244722500793 375.08438207893300387 0.08730921055857118751 0
0.19000000000000000222 -56.789763527238932284 400.6507002382223277 0.090753582320229841951 0
0.2000000000000000111 -59.548020655994861272 423.08970355421467957 0.09445717310625222074 0
0.20999999999999999223 -61.527152191995000408 442.64886125420139251 0.098048483959186638614 0
0.22000000000000000111 -62.715363354742791557 459.56719143780907189 0.10132051380651932448 0
0.23000000000000000999 -63.13200383251817982 474.03925857583590187 0.10420058030462540921 0
0.23999999999999999112 -62.820471137213310442 486.21161132647296199 0.10669307796283049317 0
0.25 -61.841803672342685161 496.19716398920900247 0.10883502363937430646 0
0.26000000000000000888 -60.270890020963598488 504.10509744653023745 0.11067543121782116855 0
0.27000000000000001776 -58.193962856049132881 510.06770199436999746 0.11226816020526844686 0
0.28000000000000002665 -55.706989767189526219 514.24333594113875279 0.11367844467647843232 0
0.28999999999999998002 -52.913230551237653287 516.80221750712792073 0.11499454173911294319 0
0.2999999999999999889 -49.918721087737381481 517.9169579519917761 0.1163279110680725259 0
0.30999999999999999778 -46.825979573146803148 517.76810500476938159 0.11780061830854259008 0
0.32000000000000000666 -43.726719071464906108 516.55369279337310218 0.11952515484022628589 0
0.33000000000000001554 -40.69473852924481605 514.48762715182306238 0.12158111359111489769 0
0.34000000000000002442 -37.781264429267039873 511.78633750100357247 0.12400277305368363756 0
0.35000000000000003331 -35.015165281287451648 508.65230242625648316 0.12678974951773702706 0
0.35999999999999998668 -32.407670136186304433 505.260300522551006 0.1299304241695067863 0
0.36999999999999999556 -29.958320510506748491 501.74995368782919059 0.13341556461464723626 0
0.38000000000000000444 -27.659848392877144363 498.22620936676207748 0.13723461777689532903 0
0.39000000000000001332 -25.501922592197537654 494.76428556571073614 0.14136538505817863864 0
0.4000000000000000222 -23.47372685551093241 491.4151736802377286 0.14576655847547720368 0
0.41000000000000003109 -21.564990511911041438 488.21111486878578489 0.15037479041773976762 0
0.41999999999999998446 -19.765770973225350815 485.17127995738894697 0.15511048620911505047 0
0.42999999999999999334 -18.065791999905158605 482.30839780231076475 0.15989775723068189173 0
0.44000000000000000222 -16.454049019016888877 479.63721918879895156 0.16468872750381932657 0
0.4500000000000000111 -14.918920609419840773 477.18315996647328348 0.16947279021466873927 0
0.46000000000000001998 -13.448478193963790517 474.9870708971270119 0.17426718550239034267 0
0.47000000000000002887 -12.030406554388271445 473.10470455676585289 0.17909931196226644423 0
0.47999999999999998224 -10.651116775501769496 471.60530500525038633 0.18398841780008834412 0
0.48999999999999999112 -9.2940597777235236521 470.5728624481313318 0.18893148611859061914 0
0.5 -7.9376259950498093687 470.10617468844230871 0.1938984804557767061 0
0.51000000000000000888 -6.5533827869292258228 470.31337720274592584 0.19883780983308838031 0
0.52000000000000001776 -5.1053666770424737109 471.30298221523173652 0.20368466065692519829 0
0.53000000000000002665 -3.5504968324992667306 473.17550274384097975 0.20836411514316133253 0
0.54000000000000003553 -1.8399125880446773884 476.01724771088697707 0.2127921282766185862 0
0.55000000000000004441 0.078450506533360706007 479.89499608041853662 0.21688486906593570924 0
0.56000000000000005329 2.2558447840123183603 484.84824717820430351 0.22057685002050447798 0
0.57000000000000006217 4.7382896676539925096 490.87955500462840064 0.2238348209269965805 0
0.57999999999999996003 7.5632378807568514389 497.94831330229516198 0.22665902049984668065 0
0.58999999999999996891 10.757841280516810656 505.96770362043969271 0.22907630639801554451 0
0.5999999999999999778 14.338323396898392303 514.79970120022505853 0.23113215511960269466 0
0.60999999999999998668 18.309460796504748004 524.24832528661727338 0.23288416229374647726 0
0.61999999999999999556 22.66352777492752324 534.05435108076392225 0.23439568086482490128 0
0.63000000000000000444 27.378984872238806503 543.89308837731095991 0.2357281679405985042 0
0.64000000000000001332 32.419271988606816137 553.37599924601215662 0.23693585656518936777 0
0.6500000000000000222 37.731593946212917956 562.05623974497291329 0.23806480936459767372 0
0.66000000000000003109 43.245440024195545448 569.43649228958076947 0.23915331203726136744 0
0.67000000000000003997 48.870931170483970618 574.97686352334767435 0.24023218764191625607 0
0.68000000000000004885 54.497684469372948968 578.10368924257920753 0.24132376084115497727 0
0.69000000000000005773 59.994644164118540175 578.22209435850299997 0.2424398825895917875 0
0.70000000000000006661 65.210787160478076885 574.73286878598594285 0.24358197369775180796 0
0.70999999999999996447 69.976941111995202505 567.05292064742309321 0.24474166754224546683 0
0.71999999999999997335 74.109455011610151587 554.63994593817994883 0.24590082665785381599 0
0.72999999999999987121 77.416372430354698508 537.02428803226962373 0.24703363358152397034 0
0.7399999999999998801 79.706510132181435324 513.85477298568503102 0.24811101246660263731 0
0.74999999999999988898 80.801628045809579248 484.96713298526043445 0.24910724841699835586 0
0.75999999999999989786 80.550641438957171658 450.47235804072391829 0.25001431043178812264 0
0.76999999999999990674 78.844751919616328451 410.83684766591773041 0.25087174493651481777 0
0.77999999999999991562 75.635063305228385389 366.92089216097753024 0.25180886438549654471 0
0.7899999999999999245 70.95310102526084961 319.97080467552422078 0.25307582168910386367 0
0.79999999999999993339 64.928734031993840858 271.57218821463095537 0.25503236918439559089 0
0.80999999999999994227 57.797886074307939452 223.55222647374213807 0.25806942436573065969 0
0.81999999999999995115 49.895058116721664021 177.81258925128463488 0.26245062716575645601 0
0.82999999999999996003 41.627924124874610357 136.09807461628201963 0.26810449576682904294 0
0.83999999999999996891 33.432364524184620791 99.748641693605208047 0.27449011904301656717 0
0.8499999999999999778 25.711591820401583419 69.519611023778594472 0.28071242960541292755 0
0.85999999999999987566 18.777539478776397175 45.544038863624003 0.28589726793103759084 0
0.86999999999999988454 12.821067592389260525 27.440621773855244925 0.28955774829198804854 0
0.87999999999999989342 7.9181518062173292805 14.495739668409335366 0.29169877379644304494 0
0.8899999999999999023 4.0541307324207895846 5.8387158008053550162 0.29266566079521061372 0
0.89999999999999991118 0 0 0.29290091375825999531 0
0.90999999999999992006 0 0 0.2927746441659689336 0
0.91999999999999992895 0 0 0.2925332076848130014 0
0.92999999999999993783 0 0 0.29230937478373864025 0
0.93999999999999994671 0 0 0.29215320350724360843 0
0.94999999999999995559 0 0 0.29206710136242297615 0
0.95999999999999996447 0 0 0.29203315604217999768 0
0.96999999999999997335 0 0 0.29202990030597131277 0
0.97999999999999998224 0 0 0.29204019174540751802 0
0.98999999999999999112 0 0 0.29205329863313611582 0
1 0 0 0.29206403122761293023 0
1.0100000000000000089 0 0 0.29207088782964113483 0
1.0200000000000000178 0 0 0.29207429435992132705 0
1.0299999999999998046 0 0 0.29207535754133812089 0
1.0400000000000000355 0 0 0.29207516651582454692 0
1.0499999999999998224 0 0 0.29207450929439909837 0
1.0600000000000000533 0 0 0.29207383695876132368 0
1.0699999999999998401 0 0 0.29207333979429089821 0
1.079999999999999849 0 0 0.29207304908622033768 0
1.0899999999999998579 0 0 0.29207292204285167925 0
1.0999999999999998668 0 0 0.2920728968395143732 0
1.1099999999999998757 0 0 0.29207292047629690446 0
1.1199999999999998845 0 0 0.2920729578966564377 0
1.1299999999999998934 0 0 0.29207299091009614189 0
1.1399999999999999023 0 0 0.29207301319662981598 0
1.1499999999999999112 0 0 0.29207302504170262747 0
1.1599999999999999201 0 0 0.29207302938047313701 0
1.1699999999999999289 0 0 0.29207302944993829286 0
1.1799999999999999378 0 0 0.29207302773828419662 0
1.1899999999999999467 0 0 0.29207302575322158233 0
1.1999999999999999556 0 0 0.29207302419090724888 0
1.2099999999999999645 0 0 0.29207302322464945288 0
1.2199999999999999734 0 0 0.29207302276516150519 0
1.2299999999999999822 0 0 0.2920730226388485451 0
1.2399999999999999911 0 0 0.29207302268415269442 0
1.25 0 0 0.29207302278807656393 0
1.2600000000000000089 0 0 0.29207302288815789604 0
1.2700000000000000178 0 0 0.29207302295964898686 0
1.2800000000000000266 0 0 0.29207302300004817086 0
1.2900000000000000355 0 0 0.29207302301671200784 0
1.2999999999999998224 0 0 0.29207302301908161235 0
1.3100000000000000533 0 0 0.29207302301491111507 0
1.3199999999999998401 0 0 0.29207302300916615501 0
1.329999999999999849 0 0 0.29207302300432141928 0
1.3399999999999998579 0 0 0.29207302300115545179 0
1.3499999999999998668 0 0 0.29207302299953680214 0
1.3599999999999998757 0 0 0.29207302299899362552 0
1.3699999999999998845 0 0 0.29207302299904092102 0
1.3799999999999998934 0 0 0.29207302299931919842 0
1.3899999999999999023 0 0 0.29207302299961768188 0
1.3999999999999999112 0 0 0.29207302299984394534 0
1.4099999999999999201 0 0 0.29207302299997933703 0
1.4199999999999999289 0 0 0.29207302300004062134 0
1.4299999999999999378 0 0 0.29207302300005488771 0
