0 19.871918631840152614 529.59032957640056338 -0.38814738565965078987 0
0.010000000000000000208 24.432622977705797496 538.99929114335350278 -0.38678138777091858325 0
0.020000000000000000416 29.009629639914884081 548.20922553615650941 -0.38544512328514063393 0
0.02999999999999999889 33.708990831718679715 556.85956772624831501 -0.38415212400284615146 0
0.040000000000000000833 38.629658119019914864 564.51571210203928786 -0.38291175528358512015 0
0.050000000000000002776 43.836097085981734267 570.66007388450930193 -0.38172933147233256701 0
0.05999999999999999778 49.342914153466558957 574.70342936136830758 -0.38060254205256599525 0
0.070000000000000006661 55.105702841592069774 576.00709968832495633 -0.37951720317722037468 0
0.080000000000000001665 61.016296839762844684 573.91698732088161705 -0.37844828926139406633 0
0.089999999999999996669 66.903286364698402622 567.79455869563969372 -0.37736839855967874158 0
0.10000000000000000555 72.537275817549385692 557.02465876788210153 -0.37625698394290946203 0
0.11000000000000000056 77.645526180638626101 540.99679779772009169 -0.37510546645976788893 0
0.11999999999999999556 81.934610006570238738 519.09365036392159709 -0.37392068852002824375 0
0.13000000000000000444 85.102249223356693619 490.76843587799783108 -0.37272624968199119522 0
0.14000000000000001332 86.810945979489162028 455.73819678365691743 -0.37155652652351256471 0
0.14999999999999999445 86.653158939668855965 414.15864092016198583 -0.37043219515152814303 0
0.16000000000000000333 84.184718725673505446 366.67310847276013419 -0.36930801040925143042 0
0.17000000000000001221 79.017587017649361769 314.45605209430408422 -0.36801007997763990343 0
0.17999999999999999334 70.949082940154511334 259.34341156609525569 -0.36620048740808380794 0
0.19000000000000000222 60.150940321347533768 203.90203006337688407 -0.36340413926740866568 0
0.2000000000000000111 47.327960774294417945 151.26084298655212024 -0.35912986487263215407 0
0.20999999999999999223 33.719924498726804529 104.63737975136976388 -0.35309580842371085518 0
0.22000000000000000111 20.902350638477976474 66.615456769840918128 -0.34549785171939878525 0
0.23000000000000000999 10.367789941659729891 38.444661271594043228 -0.33713241182968051168 0
0.23999999999999999112 3.0243817699523019016 19.75627432184963439 -0.32912232285708675761 0
0.25 -1.067472062259881227 8.8899340844463239364 -0.32238191005126376476 0
0.26000000000000000888 -2.5599772568972998243 3.6241402162396618714 -0.31736380486388893196 0
0.27000000000000001776 0 0 -0.31414217316876330566 0
0.28000000000000002665 0 0 -0.31247697362430204571 0
0.28999999999999998002 0 0 -0.31190357772436977379 0
0.2999999999999999889 0 0 -0.31193559442361351586 0
0.30999999999999999778 0 0 -0.31220888763043858072 0
0.32000000000000000666 0 0 -0.31250803989270276029 0
0.33000000000000001554 0 0 -0.31273714922323514465 0
0.34000000000000002442 0 0 -0.31287552618904684865 0
0.35000000000000003331 0 0 -0.31293911166518778577 0
0.35999999999999998668 0 0 -0.31295466639203478598 0
0.36999999999999999556 0 0 -0.31294619695537662096 0
0.38000000000000000444 0 0 -0.31293009553830847258 0
0.39000000000000001332 0 0 -0.31291518812952368034 0
0.4000000000000000222 0 0 -0.31290479594263670426 0
0.41000000000000003109 0 0 -0.3128990716778159431 0
0.41999999999999998446 0 0 -0.31289681886608911032 0
0.42999999999999999334 0 0 -0.3128966069318753207 0
0.44000000000000000222 0 0 -0.31289729465948223908 0
0.4500000000000000111 0 0 -0.31289816820551008547 0
0.46000000000000001998 0 0 -0.31289888275653277017 0
0.47000000000000002887 0 0 -0.31289933887322346484 0
0.47999999999999998224 0 0 -0.31289956523790374288 0
0.48999999999999999112 0 0 -0.31289963568262096905 0
0.5 0 0 -0.31289962275585747609 0
0.51000000000000000888 0 0 -0.31289957890112701788 0
0.52000000000000001776 0 0 -0.31289953411221382851 0
0.53000000000000002665 0 0 -0.31289950102266211873 0
0.54000000000000003553 0 0 -0.31289948169088460661 0
0.55000000000000004441 0 0 -0.31289947325445965909 0
0.56000000000000005329 0 0 -0.31289947159197906146 0
0.57000000000000006217 0 0 -0.31289947317436589413 0
0.57999999999999996003 0 0 -0.31289947566927778233 0
0.58999999999999996891 0 0 -0.3128994778677016142 0
0.5999999999999999778 0 0 -0.31289947935055356654 0
0.60999999999999998668 0 0 -0.31289948013791157866 0
0.61999999999999999556 0 0 -0.31289948042572274245 0
0.63000000000000000444 0 0 -0.31289948042966275743 0
0.64000000000000001332 0 0 -0.31289948031535719242 0
0.6500000000000000222 0 0 -0.31289948018308166855 0
0.66000000000000003109 0 0 -0.31289948007907886218 0
0.67000000000000003997 0 0 -0.31289948001480921702 0
0.68000000000000004885 0 0 -0.31289947998428280229 0
0.69000000000000005773 0 0 -0.31289947997592232332 0
0.70000000000000006661 0 0 -0.31289947997896777609 0
0.70999999999999996447 0 0 -0.31289947998589989764 0
0.71999999999999997335 0 0 -0.31289947999256600975 0
0.72999999999999987121 0 0 -0.31289947999732370398 0
0.7399999999999998801 0 0 -0.31289948000000977757 0
0.74999999999999988898 0 0 -0.31289948000111600379 0
0.75999999999999989786 0 0 -0.31289948000127154604 0
0.76999999999999990674 0 0 -0.31289948000099271352 0
0.77999999999999991562 0 0 -0.3128994800006097976 0
0.7899999999999999245 0 0 -0.31289948000028727781 0
0.79999999999999993339 0 0 -0.312899480000076613 0
0.80999999999999994227 0 0 -0.31289947999996897687 0
0.81999999999999995115 0 0 -0.31289947999993295014 0
0.82999999999999996003 0 0 -0.31289947999993628081 0
0.83999999999999996891 0 0 -0.31289947999995493255 0
0.8499999999999999778 0 0 -0.31289947999997480554 0
0.85999999999999987566 0 0 -0.31289947999998984907 0
0.86999999999999988454 0 0 -0.31289947999999884187 0
0.87999999999999989342 0 0 -0.31289948000000283868 0
0.8899999999999999023 0 0 -0.31289948000000372685 0
0.89999999999999991118 0 0 -0.31289948000000311623 0
0.90999999999999992006 0 0 -0.31289948000000200601 0
0.91999999999999992895 0 0 -0.31289948000000100681 0
0.92999999999999993783 0 0 -0.31289948000000034067 0
0.93999999999999994671 0 0 -0.3128994799999999521 0
0.94999999999999995559 0 0 -0.31289947999999984107 0
0.95999999999999996447 0 0 -0.31289947999999984107 0
0.96999999999999997335 0 0 -0.31289947999999989658 0
0.97999999999999998224 0 0 -0.31289948000000000761 0
0.98999999999999999112 0 0 -0.31289948000000000761 0
1 0 0 -0.31289948000000000761 0
1.0100000000000000089 0 0 -0.31289948000000000761 0
1.0200000000000000178 0 0 -0.31289948000000000761 0
1.0299999999999998046 0 0 -0.31289948000000000761 0
1.0400000000000000355 0 0 -0.31289948000000000761 0
1.0499999999999998224 0 0 -0.31289948000000000761 0
1.0600000000000000533 0 0 -0.31289948000000000761 0
1.0699999999999998401 0 0 -0.31289948000000000761 0
1.079999999999999849 0 0 -0.31289948000000000761 0
1.0899999999999998579 0 0 -0.31289948000000000761 0
1.0999999999999998668 0 0 -0.31289948000000000761 0
1.1099999999999998757 0 0 -0.31289948000000000761 0
1.1199999999999998845 0 0 -0.31289948000000000761 0
1.1299999999999998934 0 0 -0.31289948000000000761 0
1.1399999999999999023 0 0 -0.31289948000000000761 0
1.1499999999999999112 0 0 -0.31289948000000000761 0
1.1599999999999999201 0 0 -0.31289948000000000761 0
1.1699999999999999289 0 0 -0.31289948000000000761 0
1.1799999999999999378 0 0 -0.31289948000000000761 0
1.1899999999999999467 0 0 -0.31289948000000000761 0
1.1999999999999999556 0 0 -0.31289948000000000761 0
1.2099999999999999645 0 0 -0.31289948000000000761 0
1.2199999999999999734 0 0 -0.31289948000000000761 0
1.2299999999999999822 0 0 -0.31289948000000000761 0
1.2399999999999999911 0 0 -0.31289948000000000761 0
1.25 0 0 -0.31289948000000000761 0
1.2600000000000000089 0 0 -0.31289948000000000761 0
1.2700000000000000178 0 0 -0.31289948000000000761 0
1.2800000000000000266 0 0 -0.31289948000000000761 0
1.2900000000000000355 0 0 -0.31289948000000000761 0
1.2999999999999998224 0 0 -0.31289948000000000761 0
1.3100000000000000533 0 0 -0.31289948000000000761 0
1.3199999999999998401 0 0 -0.31289948000000000761 0
1.329999999999999849 0 0 -0.31289948000000000761 0
1.3399999999999998579 0 0 -0.31289948000000000761 0
1.3499999999999998668 0 0 -0.31289948000000000761 0
1.3599999999999998757 0 0 -0.31289948000000000761 0
1.3699999999999998845 0 0 -0.31289948000000000761 0
1.3799999999999998934 0 0 -0.31289948000000000761 0
1.3899999999999999023 0 0 -0.31289948000000000761 0
1.3999999999999999112 0 0 -0.31289948000000000761 0
1.4099999999999999201 0 0 -0.31289948000000000761 0
1.4199999999999999289 0 0 -0.31289948000000000761 0
1.4299999999999999378 0 0 -0.31289948000000000761 0
