0 0 0 0.80611095200000049132 0
0.010000000000000000208 0 0 0.80611095200000071337 0
0.020000000000000000416 0 0 0.80611095200000093541 0
0.02999999999999999889 0 0 0.80611095200000082439 0
0.040000000000000000833 0 0 0.80611095200000004724 0
0.050000000000000002776 0 0 0.80611095199999815986 0
0.05999999999999999778 0 0 0.80611095199999505123 0
0.070000000000000006661 0 0 0.80611095199999094341 0
0.080000000000000001665 0 0 0.8061109519999869466 0
0.089999999999999996669 0 0 0.8061109519999859474 0
0.10000000000000000555 0 0 0.80611095199999271976 0
0.11000000000000000056 0 0 0.80611095200001403605 0
0.11999999999999999556 0 0 0.80611095200005644656 0
0.13000000000000000444 0 0 0.80611095200012261586 0
0.14000000000000001332 0 0 0.806110952000202996 0
0.14999999999999999445 0 0 0.80611095200026505747 0
0.16000000000000000333 0 0 0.80611095200024207585 0
0.17000000000000001221 0 0 0.8061109520000282469 0
0.17999999999999999334 0 0 0.80611095199949189816 0
0.19000000000000000222 0 0 0.80611095199852500492 0
0.2000000000000000111 0 0 0.80611095199714677406 0
0.20999999999999999223 0 0 0.80611095199567284197 0
0.22000000000000000111 0 0 0.80611095199493054686 0
0.23000000000000000999 0 0 0.80611095199644611231 0
0.23999999999999999112 0 0 0.80611095200244042847 0
0.25 0 0 0.80611095201536642207 0
0.26000000000000000888 0 0 0.80611095203663540865 0
0.27000000000000001776 0 0 0.80611095206421290449 0
0.28000000000000002665 0 0 0.80611095208904703924 0
0.28999999999999998002 0 0 0.80611095209100291914 0
0.2999999999999999889 0 0 0.80611095203625815486 0
0.30999999999999999778 0 0 0.80611095187994097344 0
0.32000000000000000666 0 0 0.80611095157974199665 0
0.33000000000000001554 0 0 0.80611095112721342648 0
0.34000000000000002442 0 0 0.80611095060145876445 0
0.35000000000000003331 0 0 0.80611095024196710579 0
0.35999999999999998668 0 0 0.80611095052021897178 0
0.36999999999999999556 0 0 0.80611095216151107401 0
0.38000000000000000444 0 0 0.80611095603192506331 0
0.39000000000000001332 0 0 0.80611096277248905917 0
0.4000000000000000222 0 0 0.80611097206004811433 0
0.41000000000000003109 0 0 0.80611098144696657908 0
0.41999999999999998446 0 0 0.80611098493897259676 0
0.42999999999999999334 0 0 0.80611097186822966432 0
0.44000000000000000222 0 0 0.80611092721818367046 0
0.4500000000000000111 0 0 0.80611083525296534091 0
0.46000000000000001998 0 0 0.80611068877968206081 0
0.47000000000000002887 0 0 0.80611050600207390104 0
0.47999999999999998224 0 0 0.80611035474791359334 0
0.48999999999999999112 0 0 0.80611037872323754172 0
0.5 0 0 0.80611081151586461147 0
0.51000000000000000888 0 0 0.80611195176874306245 0
0.52000000000000001776 0 0 0.80611406051586276256 0
0.53000000000000002665 0 0 0.80611713706394283463 0
0.54000000000000003553 0 0 0.80612054714606817818 0
0.55000000000000004441 0 0 0.80612253625973706583 0
0.56000000000000005329 0 0 0.80611978296616992878 0
0.57000000000000006217 0 0 0.80610734097331526726 0
0.57999999999999996003 0 0 0.8060795608926871747 0
0.58999999999999996891 0 0 0.8060327827364222042 0
0.5999999999999999778 0 0 0.80597055807439099695 0
0.60999999999999998668 0 0 0.80591158684141561697 0
0.61999999999999999556 0 0 0.8058990425404870539 0
0.63000000000000000444 0 0 0.80600716552693341121 0
0.64000000000000001332 0 0 0.80633692870358042448 0
0.6500000000000000222 0 0 0.80698806449413096331 0
0.66000000000000003109 0 0 0.80799211180976504565 0
0.67000000000000003997 0 0 0.80919479783892900304 0
0.68000000000000004885 0 0 0.81009256414624608578 0
0.69000000000000005773 0 0 0.809664860753435911 0
0.70000000000000006661 0 0 0.80630580654297667742 0
0.70999999999999996447 0 0 0.79804123079410971275 0
0.71999999999999997335 0 0 0.78329517661134118178 0
0.72999999999999987121 -11.720121463906211901 110.30117545003709267 0.76248644740328996861 0
0.7399999999999998801 -15.659337602196684358 146.49793869435546867 0.73936165339185844214 0
0.74999999999999988898 -19.885975512667620535 184.56656257922458053 0.71941696611242256232 0
0.75999999999999989786 -24.24193947095825763 222.47032951643780052 0.70616679440392693401 0
0.76999999999999990674 -28.527022142142101302 258.77933385294750224 0.69965492766213244202 0
0.77999999999999991562 -32.551970407656845907 292.71520118616558648 0.69798837348116027357 0
0.7899999999999999245 -36.187115241260357834 323.94744237689815236 0.69911970110510901488 0
0.79999999999999993339 -39.364978333072599526 352.43022832164086822 0.70161599720967937621 0
0.80999999999999994227 -42.050162130508986991 378.3223650019441493 0.70471039306881211317 0
0.81999999999999995115 -44.219340620486228488 401.8768124334874301 0.70805146238142457893 0
0.82999999999999996003 -45.860287494193741509 423.28486726353600034 0.71144552111729697508 0
0.83999999999999996891 -46.972863124541305524 442.60730572374399117 0.71472368249927409334 0
0.8499999999999999778 -47.567815120007757912 459.82289207782957874 0.71774326011763533995 0
0.85999999999999987566 -47.668110876769198114 474.89133003054627125 0.72044296439310029356 0
0.86999999999999988454 -47.310204342406116496 487.78666714875146226 0.72286590925078864078 0
0.87999999999999989342 -46.541781532794786358 498.51856099012087498 0.72512950931067376992 0
0.8899999999999999023 -45.418020426081916696 507.13588916145124585 0.7273748289195459682 0
0.89999999999999991118 -43.998507158124958494 513.71304424642323738 0.72973156704819341911 0
0.90999999999999992006 -42.344643326042245235 518.33658696579345815 0.73230596513897350253 0
0.91999999999999992895 -40.51713451008096456 521.10246024355376449 0.73518145786108213269 0
0.92999999999999993783 -38.573475973497970415 522.12759402713697909 0.73842685905703464577 0
0.93999999999999994671 -36.56558521607652068 521.57122041642207932 0.74210752308009675371 0
0.94999999999999995559 -34.537806705962921683 519.65110652788655443 0.74628346575541004704 0
0.95999999999999996447 -32.525344241120393463 516.64167548003331376 0.75098404673725005498 0
0.96999999999999997335 -30.553470024985934117 512.85300547526776427 0.75617667307505209706 0
0.97999999999999998224 -28.638118517275032104 508.59873075927481523 0.76175679467744039641 0
0.98999999999999999112 -26.787606203434982888 504.16149042895102639 0.7675704540440261292 0
1 -25.004300638671615786 499.76621821180162897 0.7734598117556046315 0
1.0100000000000000089 -23.285472248553990227 495.57246079671148209 0.77930454627798229073 0
1.0200000000000000178 -21.623493733837705122 491.68648594057106038 0.78503698416830380857 0
1.0299999999999998046 -20.005938712757650677 488.1799829082444262 0.79063327303785657652 0
1.0400000000000000355 -18.41599290540237277 485.10161978045965725 0.79609384839974361991 0
1.0499999999999998224 -16.833308430741141137 482.48030014073788152 0.80142182304678222238 0
1.0600000000000000533 -15.235272722756882047 480.32830640216405982 0.80660609467753285884 0
1.0699999999999998401 -13.598455148034169326 478.64947714120552291 0.81161593718170821354 0
1.079999999999999849 -11.899789170852386633 477.44929810956642768 0.81640696835045667434 0
1.0899999999999998579 -10.117268084790708826 476.74068312104083134 0.82093294989357179503 0
1.0999999999999998668 -8.2302928467509186561 476.54208992865432037 0.82515768181174464768 0
1.1099999999999998757 -6.2198483164692444092 476.86954408173676256 0.82905885246347543749 0
1.1199999999999998845 -4.0686290686735615552 477.72840325775240444 0.83262326766480421192 0
1.1299999999999998934 -1.7612550621983489307 479.11061212291201628 0.83584559822840587273 0
1.1399999999999999023 0.71535484285455086528 480.99908049246846531 0.83873296967961152859 0
1.1499999999999999112 3.3715362217505298048 483.37748713348923957 0.84130538466828463928 0
1.1599999999999999201 6.2145329863120704061 486.24212576940203689 0.84359134551658510048 0
1.1699999999999999289 9.2482792167859813048 489.61139903557074149 0.84562397239447095743 0
1.1799999999999999378 12.47315533693608991 493.52896220499513902 0.84743917144754277171 0
1.1899999999999999467 15.885728664294020973 498.05763706436039229 0.84907571954873883868 0
1.1999999999999999556 19.478676107131384754 503.26230580549628257 0.85057316239164404426 0
1.2099999999999999645 23.240898648107130242 509.18245918601331823 0.85196462559725660846 0
1.2199999999999999734 27.157511105332272194 515.79938850408643702 0.85326903120569386196 0
1.2299999999999999822 31.209312261942510958 523.00551225988021997 0.85448853326785623175 0
1.2399999999999999911 35.371601173892116776 530.58223267185212535 0.85561344566904007358 0
1.25 39.612534644762810387 538.19050201856259719 0.85663239698031512503 0
1.2600000000000000089 43.89130356931596566 545.37521458118953888 0.85754161680538620871 0
1.2700000000000000178 48.156424593946923096 551.58111502041242602 0.8583495998221382095 0
1.2800000000000000266 52.344695990458042445 556.17672683401121958 0.85907788336551327291 0
1.2900000000000000355 56.381464998994957227 558.48285884076051389 0.85975806713765512423 0
1.2999999999999998224 60.18244805374578732 557.80184889719134844 0.86042539321691613452 0
1.3100000000000000533 63.656959294251798553 553.44453749734225312 0.86111258413541880152 0
1.3199999999999998401 66.712358362005247159 544.75494240644604815 0.86184663149061691012 0
1.329999999999999849 69.259463969587727661 531.13737230290155367 0.86264646541942346936 0
1.3399999999999998579 71.218711437869686165 512.09426040452581219 0.86352088218902889327 0
1.3499999999999998668 72.527038739743701967 487.28219540794344766 0.86447211966141301875 0
1.3599999999999998757 73.145148484469018513 456.59008771723068776 0.86550552958876536547 0
1.3699999999999998845 73.064213522713586713 420.22884463559535106 0.86663657610234678952 0
1.3799999999999998934 72.311661538207545163 378.79859068064092753 0.86789526696345720147 0
1.3899999999999999023 70.955932942025214061 333.30841029765099393 0.86933735630220987378 0
1.3999999999999999112 69.108121629100608629 285.16059839458785063 0.87105154031195819453 0
1.4099999999999999201 66.91799834151241555 236.11047185624602207 0.87312961357212570679 0
1.4199999999999999289 64.564389724757944578 188.18493586495668524 0.87558777086922379151 0
1.4299999999999999378 62.2403122947491525 143.549962407963136 0.87828833408134743266 0
