0 0 0 0.94342823500000028147 0
0.010000000000000000208 0 0 0.94342823500000028147 0
0.020000000000000000416 0 0 0.94342823500000028147 0
0.02999999999999999889 0 0 0.94342823500000028147 0
0.040000000000000000833 0 0 0.94342823500000028147 0
0.050000000000000002776 0 0 0.94342823500000028147 0
0.05999999999999999778 0 0 0.94342823500000028147 0
0.070000000000000006661 0 0 0.94342823500000028147 0
0.080000000000000001665 0 0 0.94342823500000028147 0
0.089999999999999996669 0 0 0.94342823500000028147 0
0.10000000000000000555 0 0 0.94342823500000028147 0
0.11000000000000000056 0 0 0.94342823500000028147 0
0.11999999999999999556 0 0 0.94342823500000028147 0
0.13000000000000000444 0 0 0.94342823500000028147 0
0.14000000000000001332 0 0 0.94342823500000028147 0
0.14999999999999999445 0 0 0.94342823500000028147 0
0.16000000000000000333 0 0 0.94342823500000028147 0
0.17000000000000001221 0 0 0.94342823500000028147 0
0.17999999999999999334 0 0 0.94342823500000028147 0
0.19000000000000000222 0 0 0.94342823500000028147 0
0.2000000000000000111 0 0 0.94342823500000028147 0
0.20999999999999999223 0 0 0.94342823500000028147 0
0.22000000000000000111 0 0 0.94342823500000028147 0
0.23000000000000000999 0 0 0.94342823500000028147 0
0.23999999999999999112 0 0 0.94342823500000028147 0
0.25 0 0 0.94342823500000028147 0
0.26000000000000000888 0 0 0.94342823500000028147 0
0.27000000000000001776 0 0 0.94342823500000028147 0
0.28000000000000002665 0 0 0.94342823500000028147 0
0.28999999999999998002 0 0 0.94342823500000028147 0
0.2999999999999999889 0 0 0.94342823500000028147 0
0.30999999999999999778 0 0 0.94342823500000028147 0
0.32000000000000000666 0 0 0.94342823500000028147 0
0.33000000000000001554 0 0 0.94342823500000028147 0
0.34000000000000002442 0 0 0.94342823500000028147 0
0.35000000000000003331 0 0 0.94342823500000028147 0
0.35999999999999998668 0 0 0.94342823500000028147 0
0.36999999999999999556 0 0 0.94342823500000028147 0
0.38000000000000000444 0 0 0.94342823500000028147 0
0.39000000000000001332 0 0 0.94342823500000028147 0
0.4000000000000000222 0 0 0.94342823500000028147 0
0.41000000000000003109 0 0 0.94342823500000028147 0
0.41999999999999998446 0 0 0.94342823500000028147 0
0.42999999999999999334 0 0 0.94342823500000028147 0
0.44000000000000000222 0 0 0.94342823500000028147 0
0.4500000000000000111 0 0 0.94342823500000028147 0
0.46000000000000001998 0 0 0.94342823500000028147 0
0.47000000000000002887 0 0 0.94342823500000028147 0
0.47999999999999998224 0 0 0.94342823500000028147 0
0.48999999999999999112 0 0 0.94342823500000028147 0
0.5 0 0 0.94342823500000028147 0
0.51000000000000000888 0 0 0.94342823500000028147 0
0.52000000000000001776 0 0 0.94342823500000028147 0
0.53000000000000002665 0 0 0.94342823500000028147 0
0.54000000000000003553 0 0 0.94342823500000028147 0
0.55000000000000004441 0 0 0.94342823500000028147 0
0.56000000000000005329 0 0 0.94342823500000028147 0
0.57000000000000006217 0 0 0.94342823500000028147 0
0.57999999999999996003 0 0 0.94342823500000028147 0
0.58999999999999996891 0 0 0.94342823500000028147 0
0.5999999999999999778 0 0 0.94342823500000028147 0
0.60999999999999998668 0 0 0.94342823500000028147 0
0.61999999999999999556 0 0 0.94342823500000028147 0
0.63000000000000000444 0 0 0.94342823500000028147 0
0.64000000000000001332 0 0 0.94342823500000028147 0
0.6500000000000000222 0 0 0.94342823500000028147 0
0.66000000000000003109 0 0 0.94342823500000028147 0
0.67000000000000003997 0 0 0.94342823500000028147 0
0.68000000000000004885 0 0 0.94342823500000028147 0
0.69000000000000005773 0 0 0.94342823500000028147 0
0.70000000000000006661 0 0 0.94342823500000028147 0
0.70999999999999996447 0 0 0.94342823500000028147 0
0.71999999999999997335 0 0 0.94342823500000028147 0
0.72999999999999998224 0 0 0.94342823500000028147 0
0.73999999999999999112 0 0 0.94342823500000028147 0
0.75 0 0 0.94342823500000028147 0
0.76000000000000000888 0 0 0.94342823500000028147 0
0.77000000000000001776 0 0 0.94342823500000028147 0
0.78000000000000002665 0 0 0.94342823500000028147 0
0.79000000000000003553 0 0 0.94342823500000028147 0
0.80000000000000004441 0 0 0.94342823500000028147 0
0.81000000000000005329 0 0 0.94342823500000028147 0
0.82000000000000006217 0 0 0.94342823500000028147 0
0.83000000000000007105 0 0 0.94342823500000028147 0
0.83999999999999996891 0 0 0.94342823500000028147 0
0.8499999999999999778 0 0 0.94342823500000028147 0
0.85999999999999998668 0 0 0.94342823500000028147 0
0.86999999999999999556 0 0 0.94342823500000028147 0
0.88000000000000000444 0 0 0.94342823500000028147 0
0.89000000000000001332 0 0 0.94342823500000028147 0
0.9000000000000000222 0 0 0.94342823500000028147 0
0.91000000000000003109 0 0 0.94342823500000028147 0
0.92000000000000003997 0 0 0.94342823500000028147 0
0.93000000000000004885 0 0 0.94342823500000028147 0
0.94000000000000005773 0 0 0.94342823500000028147 0
0.95000000000000006661 0 0 0.94342823500000028147 0
0.95999999999999996447 0 0 0.94342823500000028147 0
0.96999999999999997335 0 0 0.94342823500000028147 0
0.97999999999999998224 0 0 0.94342823500000028147 0
0.98999999999999999112 0 0 0.94342823500000028147 0
1 0 0 0.94342823500000028147 0
1.0100000000000000089 0 0 0.94342823500000028147 0
1.0200000000000000178 0 0 0.94342823500000028147 0
1.0300000000000000266 0 0 0.94342823500000028147 0
1.0400000000000000355 0 0 0.94342823500000028147 0
1.0500000000000000444 0 0 0.94342823500000028147 0
1.0600000000000000533 0 0 0.94342823500000028147 0
1.0700000000000000622 0 0 0.94342823500000028147 0
1.0800000000000000711 0 0 0.94342823500000028147 0
1.0900000000000000799 0 0 0.94342823500000028147 0
1.1000000000000000888 0 0 0.94342823500000028147 0
1.1100000000000000977 0 0 0.94342823500000028147 0
1.1200000000000001066 0 0 0.94342823500000028147 0
1.1300000000000001155 0 0 0.94342823500000028147 0
1.1400000000000001243 0 0 0.94342823500000028147 0
1.1500000000000001332 0 0 0.94342823500000028147 0
1.1599999999999999201 0 0 0.94342823500000028147 0
1.1699999999999999289 0 0 0.94342823500000028147 0
1.1799999999999999378 0 0 0.94342823500000028147 0
1.1899999999999999467 0 0 0.94342823500000028147 0
1.1999999999999999556 0 0 0.94342823500000028147 0
1.2099999999999999645 0 0 0.94342823500000028147 0
1.2199999999999999734 0 0 0.94342823500000028147 0
1.2299999999999999822 0 0 0.94342823500000028147 0
1.2399999999999999911 0 0 0.94342823500000028147 0
1.25 0 0 0.94342823500000028147 0
1.2600000000000000089 0 0 0.94342823500000028147 0
1.2700000000000000178 0 0 0.94342823500000028147 0
1.2800000000000000266 0 0 0.94342823500000028147 0
1.2900000000000000355 0 0 0.94342823500000028147 0
1.3000000000000000444 0 0 0.94342823500000028147 0
1.3100000000000000533 0 0 0.94342823500000028147 0
1.3200000000000000622 0 0 0.94342823500000028147 0
1.3300000000000000711 0 0 0.94342823500000028147 0
1.3400000000000000799 0 0 0.94342823500000028147 0
1.3500000000000000888 0 0 0.94342823500000028147 0
1.3600000000000000977 0 0 0.94342823500000028147 0
1.3700000000000001066 0 0 0.94342823500000028147 0
1.3800000000000001155 0 0 0.94342823500000028147 0
1.3900000000000001243 0 0 0.94342823500000028147 0
1.4000000000000001332 0 0 0.94342823500000028147 0
1.4099999999999999201 0 0 0.94342823500000028147 0
1.4199999999999999289 0 0 0.94342823500000028147 0
1.4299999999999999378 0 0 0.94342823500000028147 0
1.4399999999999999467 0 0 0.94342823500000028147 0
1.4499999999999999556 0 0 0.94342823500000028147 0
1.4599999999999999645 0 0 0.94342823500000028147 0
1.4699999999999999734 0 0 0.94342823500000028147 0
1.4799999999999999822 0 0 0.94342823500000028147 0
1.4899999999999999911 0 0 0.94342823500000028147 0
1.5 0 0 0.94342823500000028147 0
1.5100000000000000089 0 0 0.94342823500000028147 0
1.5200000000000000178 0 0 0.94342823500000028147 0
1.5300000000000000266 0 0 0.94342823500000028147 0
1.5400000000000000355 0 0 0.94342823500000028147 0
1.5500000000000000444 0 0 0.94342823500000028147 0
1.5600000000000000533 0 0 0.94342823500000028147 0
1.5700000000000000622 0 0 0.94342823500000028147 0
1.5800000000000000711 0 0 0.94342823500000028147 0
1.5900000000000000799 0 0 0.94342823500000028147 0
1.6000000000000000888 0 0 0.94342823500000028147 0
1.6100000000000000977 0 0 0.94342823500000028147 0
1.6200000000000001066 0 0 0.94342823500000028147 0
1.6300000000000001155 0 0 0.94342823500000028147 0
1.6400000000000001243 0 0 0.94342823500000028147 0
1.6500000000000001332 0 0 0.94342823500000028147 0
1.6600000000000001421 0 0 0.94342823500000028147 0
1.6699999999999999289 0 0 0.94342823500000028147 0
1.6799999999999999378 0 0 0.94342823500000028147 0
1.6899999999999999467 0 0 0.94342823500000028147 0
1.6999999999999999556 0 0 0.94342823500000028147 0
1.7099999999999999645 0 0 0.94342823500000028147 0
1.7199999999999999734 0 0 0.94342823500000028147 0
1.7299999999999999822 0 0 0.9434282350000003925 0
1.7399999999999999911 0 0 0.9434282350000003925 0
1.75 0 0 0.94342823500000017045 0
1.7600000000000000089 0 0 0.94342823499999961534 0
1.7700000000000000178 0 0 0.94342823499999850512 0
1.7800000000000000266 0 0 0.94342823499999661774 0
1.7900000000000000355 0 0 0.94342823499999439729 0
1.8000000000000000444 0 0 0.94342823499999262093 0
1.8100000000000000533 0 0 0.94342823499999306502 0
1.8200000000000000622 0 0 0.94342823499999839409 0
1.8300000000000000711 0 0 0.9434282350000123829 0
1.8400000000000000799 0 0 0.94342823500003836212 0
1.8500000000000000888 0 0 0.9434282350000765538 0
1.8600000000000000977 0 0 0.94342823500011885329 0
1.8700000000000001066 0 0 0.94342823500014383331 0
1.8800000000000001155 0 0 0.94342823500011008253 0
1.8900000000000001243 0 0 0.94342823499995642766 0
1.9000000000000001332 0 0 0.94342823499961270262 0
1.9100000000000001421 0 0 0.94342823499903294415 0
1.9199999999999999289 0 0 0.94342823499826067302 0
1.9299999999999999378 0 0 0.94342823499752692662 0
1.9399999999999999467 0 0 0.9434282349973660553 0
1.9499999999999999556 0 0 0.94342823499869810089 0
1.9599999999999999645 0 0 0.9434282350027761721 0
1.9699999999999999734 0 0 0.94342823501084094318 0
1.9799999999999999822 0 0 0.94342823502329165031 0
1.9899999999999999911 0 0 0.9434282350382287019 0
2 0 0 0.94342823504942552315 0
2.0099999999999997868 0 0 0.94342823504424311309 0
2.0199999999999995737 0 0 0.9434282350027701769 0
2.0299999999999998046 0 0 0.94342823490049265711 0
2.0400000000000000355 0 0 0.94342823471776948718 0
2.0499999999999998224 0 0 0.94342823445960311002 0
2.0599999999999996092 0 0 0.94342823418742427499 0
2.0699999999999998401 0 0 0.94342823405920595015 0
2.0800000000000000711 0 0 0.94342823436353573374 0
2.0899999999999998579 0 0 0.94342823551678023364 0
2.0999999999999996447 0 0 0.94342823797269670383 0
2.1099999999999994316 0 0 0.94342824197902830363 0
2.1199999999999996625 0 0 0.94342824712252226771 0
2.1299999999999998934 0 0 0.94342825165879740101 0
2.1399999999999996803 0 0 0.94342825175903943791 0
2.1499999999999994671 0 0 0.94342824104759770432 0
2.159999999999999698 0 0 0.94342821114652353209 0
2.1699999999999999289 0 0 0.94342815430347071182 0
2.1799999999999997158 0 0 0.94342806934879275271 0
2.1899999999999995026 0 0 0.94342797182376403331 0
2.1999999999999997335 0 0 0.94342790759308137183 0
2.2099999999999999645 0 0 0.94342796600034273258 0
2.2199999999999997513 0 0 0.94342828331753370019 0
2.2299999999999995381 0 0 0.94342902042732768031 0
2.2399999999999997691 0 0 0.94343029267272193739 0
2.25 0 0 0.943432029686070317 0
2.2599999999999997868 0 0 0.94343375721570887915 0
2.2699999999999995737 0 0 0.94343433259949416314 0
2.2799999999999998046 0 0 0.94343174085276781948 0
2.2900000000000000355 0 0 0.94342317087683469357 0
2.2999999999999998224 0 0 0.9434057204388864859 0
2.3099999999999996092 0 0 0.9433781635339353322 0
2.3199999999999998401 0 0 0.94334413612903589286 0
2.3300000000000000711 0 0 0.94331667558757203995 0
2.3399999999999998579 0 0 0.94332307222321820639 0
2.3499999999999996447 0 0 0.94340730583919651941 0
2.3599999999999994316 0 0 0.94362503935934249899 0
2.3699999999999996625 0 0 0.94402385456029402899 0
2.3799999999999998934 0 0 0.94460065581241214883 0
2.3899999999999996803 0 0 0.94523160633503933159 0
2.3999999999999994671 0 0 0.9455813212924857325 0
2.409999999999999698 0 0 0.94502116564898575035 0
2.4199999999999999289 -213.25676290570493165 528.01503360141236953 0.94262301132758730127 0
2.4299999999999997158 -246.72688335248881231 724.67374232194913475 0.93746589816683967289 0
2.4399999999999995026 -277.57877494410621466 912.06297120811950663 0.92956968432962894244 0
2.4499999999999997335 -304.70451753561110309 1070.5408575862973066 0.92086365736351438738 0
2.4599999999999999645 -327.34267979096182444 1186.3671481488177051 0.91458898828371393286 0
2.4699999999999997513 -344.84678398303049107 1255.8572346533710515 0.91300923280793833126 0
2.4799999999999995381 -356.67574196058575353 1286.8293844798813552 0.91581438953868599118 0
2.4899999999999997691 -362.54145932655063689 1292.7968865485681818 0.92081984867947652695 0
2.5 -362.51869874063118004 1285.6254221948988743 0.92566804237877875483 0
2.5099999999999997868 -357.02701045769538268 1272.7957970406021104 0.9287998294071887484 0
2.5199999999999995737 -346.75244921323189828 1258.0257716139290096 0.92960091541294920248 0
2.5299999999999998046 -332.57286002024733307 1242.2230120715148587 0.92830266787131587858 0
2.5400000000000000355 -315.47561767552701895 1224.2492156272653574 0.92578418258815475816 0
2.5499999999999998224 -296.45747960706205504 1202.1314237457156651 0.92318221626757102083 0
2.5599999999999996092 -276.42295552258178759 1174.5135745891682291 0.92141084482260471322 0
2.5699999999999998401 -256.11421149490047355 1141.4124771663364299 0.92086671828644861559 0
2.5800000000000000711 -236.0914271588973179 1103.9599963599673629 0.92145419179444953972 0
2.5899999999999998579 -216.74775905320518632 1063.7065492019353314 0.92280263107416504731 0
2.5999999999999996447 -198.33458140411985937 1022.1089665291553956 0.92447832617931735566 0
2.6099999999999994316 -180.98761599976251091 980.34495854218471322 0.92610424521866863135 0
2.6199999999999996625 -164.75379638162914375 939.2877239149657953 0.9274050512899348897 0
2.6299999999999998934 -149.61796651427204097 899.50461927348533209 0.92821429081549766682 0
2.6399999999999996803 -135.52613319323691599 861.24440702797562608 0.92846754950344378976 0
2.6499999999999994671 -122.40328217796984234 824.42319596467928022 0.92819007536071973519 0
2.659999999999999698 -110.16575085712530324 788.65846527793974019 0.92747051078803777191 0
2.6699999999999999289 -98.729309320255751459 753.36405630713852588 0.92642324873349768399 0
2.6799999999999997158 -88.015083526902230915 717.86276330865712225 0.92515842725136077096 0
2.6899999999999995026 -77.954128115167250712 681.50539968161194793 0.92376460754425304689 0
2.6999999999999997335 -68.489864994449092706 643.8042010742022967 0.9222990160526663983 0
2.7099999999999999645 -59.578636922464951908 604.54565932264233652 0.92079200120904325377 0
2.7199999999999997513 -51.189644782806752232 563.84973076120229507 0.91926708862009431922 0
2.7299999999999995381 -43.304459686314743294 522.18605849835239496 0.91775465302509373622 0
2.7399999999999997691 -35.915445313981749109 480.35408252459689038 0.91628513242434861397 0
2.75 -29.022967950497640999 439.40245790778021728 0.9148802496670760398 0
2.7599999999999997868 -22.631815859119363665 400.47164802299471376 0.91356024674354163739 0
2.7699999999999995737 -16.747375521307898083 364.59620756762552674 0.91235353757464121571 0
2.7799999999999998046 -11.372002740832037659 332.54763761692794333 0.91128492476045941384 0
2.7900000000000000355 -6.5017005361218034309 304.76969253103783331 0.91034226025297981799 0
2.7999999999999998224 -2.1235377185806574296 281.39410871460984254 0.90944310395110594669 0
2.8099999999999996092 1.7847978732661704537 262.31523291503793871 0.90842405416179727862 0
2.8199999999999998401 5.252052999881555273 247.30427915745539735 0.90707378066294586105 0
2.8300000000000000711 8.3077599394486369988 236.11752138532258982 0.90521250000490982579 0
2.8399999999999998579 10.976938354602911119 228.57026283861725346 0.90277261091561666895 0
2.8499999999999996447 13.278357406962440379 224.59635411768354629 0.89982486408810746781 0
2.8599999999999994316 15.226587438732138935 224.30903215039808174 0.89654012295955454181 0
2.8699999999999996625 16.835278675338983589 228.04244868844747884 0.89310573816491956034 0
2.8799999999999998934 18.119441087111777478 236.34112531380554856 0.88962840593693137681 0
2.8899999999999996803 19.096182642551170261 249.87179254592021493 0.88608792879520725805 0
2.8999999999999994671 19.783758119177967671 269.22898611244642098 0.88240078849665126715 0
2.909999999999999698 20.198747370219102493 294.6395829877665733 0.87856133648140877224 0
2.9199999999999999289 20.352992287344441991 325.69726648849189132 0.8747366901056655708 0
2.9299999999999997158 20.253788217079911504 361.3224648701834667 0.87121683073731026603 0
2.9399999999999995026 19.908166648967270618 399.97464584712889746 0.86825941537470852083 0
2.9499999999999997335 19.32689133410771376 439.92492053958540055 0.86597057962246370977 0
2.9599999999999999645 18.524114160235665594 479.41412446056574481 0.86430764609400312359 0
2.9699999999999997513 17.514530214010871845 516.71049397372200929 0.86316270703386366314 0
2.9799999999999995381 16.312237652590237502 550.17245415591435176 0.86244231519242009476 0
2.9899999999999997691 14.932307842895365724 578.34938345557429784 0.86210283099192308587 0
3 13.393685379950094116 600.08516660151303768 0.86214643898925191756 0
3.0099999999999997868 11.721740740986502871 614.61946647072522865 0.86259825506150611396 0
3.0199999999999995737 9.9482493548155250807 621.70331311832558185 0.86348827282984386144 0
3.0299999999999998046 8.1078408811323416927 621.6894430693329241 0.86485178808957108298 0
3.0400000000000000355 6.2334141353762868576 615.51726788044197747 0.86673369305072656132 0
3.0499999999999998224 4.354103446620758433 604.56280576978997487 0.86917061664281303202 0
3.0599999999999996092 2.4966440480596268081 590.40799377247242319 0.87215464114304397381 0
3.0699999999999998401 0.6877908974190187763 574.61386857437560138 0.8756091222731550161 0
3.079999999999999627 -1.0448538456463831725 558.5537410174863453 0.87939272146065106117 0
3.0899999999999998579 -2.6740539188860612541 543.32449853264733974 0.88332258072847491537 0
3.0999999999999996447 -4.1752784000412397347 529.72419053319413251 0.88720271605054490394 0
3.1099999999999998757 -5.529361948142040184 518.2718666450003866 0.89085042846304507425 0
3.1199999999999996625 -6.7247678751396051666 509.25567239513355844 0.89411999942754594173 0
3.1299999999999998934 -7.7588893282020858777 502.79463712700817268 0.89692418075043645054 0
3.1399999999999996803 -8.6379277193340566754 498.88844775810991905 0.89924617145498897397 0
3.1499999999999999112 -9.3750778682951807497 497.44060714312217897 0.90113072443632480368 0
3.159999999999999698 -9.9875850561917847159 498.26435040874298465 0.90265788530918289467 0
3.1699999999999999289 -10.493505405891287552 501.08572333732843163 0.90391916647949399621 0
3.1799999999999997158 -10.908332875535860396 505.54358094309935723 0.90500627184804272041 0
3.1899999999999995026 -11.241693935680817873 511.1849991052246196 0.90600091271560989625 0
3.1999999999999997335 -11.495343500045247964 517.4798401807074697 0.90695670471098144283 0
3.2099999999999999645 -11.664047325164647262 523.88068057361169849 0.90788510789460596939 0
3.2199999999999997513 -11.739519212862262521 529.91035376062450268 0.90875983092088274962 0
3.2299999999999995381 -11.71559604959408496 535.23030220840644233 0.90953533800096653117 0
3.2399999999999997691 -11.592271589909506346 539.66002407906330518 0.91016638435615104807 0
3.25 -11.377280075654025993 543.14842773818440946 0.91062400066690563083 0
3.2599999999999997868 -11.085327758741899018 545.71929272718443826 0.91090933009956398525 0
3.2699999999999995737 -10.735800104238652608 547.41788160387932294 0.91106275463226682465 0
3.2799999999999998046 -10.349794207730147022 548.27479282859178511 0.9111614355267017018 0
3.2900000000000000355 -9.9471595064643221207 548.29185952081672895 0.91130177626048558537 0
3.2999999999999998224 -9.5441337674075761299 547.44946160098061227 0.91157131472383634563 0
3.3099999999999996092 -9.1519873961890336744 545.72999416916536575 0.91202040625127611673 0
3.3199999999999998401 -8.7767472387182188243 543.15369698110134777 0.91264608346349085366 0
3.329999999999999627 -8.4197453474675789664 539.82278971894515962 0.91339550463491481214 0
3.3399999999999998579 -8.0786260203464745899 535.95507206238005438 0.91418303905727471559 0
3.3499999999999996447 -7.7485795544978781635 531.88170285791375136 0.91490845660301267639 0
3.3599999999999998757 -7.4236313216271518911 528.00404939802479021 0.91547270625054022464 0
3.3699999999999996625 -7.0975953977109105253 524.72696676049758935 0.91579436155472371262 0
3.3799999999999998934 -6.7644999213121055348 522.39098719061257725 0.91582547749920428792 0
3.3899999999999996803 -6.418989375886297033 521.22286538801836286 0.91556161095098997915 0
3.3999999999999999112 -6.0571391282941648981 521.31299159268746735 0.9150400800995943662 0
3.409999999999999698 -5.6772324783700023332 522.61228643129140892 0.91432518282511066054 0
3.4199999999999999289 -5.2797561117731746094 524.94021157817758194 0.91348865878093132853 0
3.4299999999999997158 -4.8664465933498579631 528.00561041175160426 0.91259520695166518323 0
3.4399999999999995026 -4.438895195595918608 531.44655180699783159 0.91169499492357353176 0
3.4499999999999997335 -3.9975130139040500055 534.88667407543414356 0.91082045255671950645 0
3.4599999999999999645 -3.5413747246511504407 537.98726993276363828 0.90998728734198441881 0
3.4699999999999997513 -3.0688972052801846147 540.47744925991037235 0.90919958066444950262 0
3.4799999999999995381 -2.578964142561516848 542.1703047516841707 0.90845447560081427074 0
3.4899999999999997691 -2.0718911370033250563 542.97468144662366285 0.90774449314600502703 0
3.5 -1.5496994041111202822 542.89583920840982501 0.90705949613941772025 0
3.5099999999999997868 -1.0158329842189925962 542.02181582527066439 0.90638812846911820387 0
3.5199999999999995737 -0.47485894934459749184 540.50336904180403508 0.90571815996306836993 0
3.5299999999999998046 0.067748200551439499706 538.53557136098970659 0.90503657121039760014 0
3.5399999999999995914 0.60604725261498137989 536.34147443164727065 0.90432986056059139202 0
3.5499999999999998224 1.1343890209915832301 534.14859563633660855 0.90358676442274699081 0
3.5599999999999996092 1.6481352113425566941 532.15660844559840825 0.90280410619824724705 0
3.5699999999999998401 2.143850498870867316 530.51537136401020689 0.90198925954845821096 0
3.579999999999999627 2.6188673041624968008 529.32427502296980037 0.90115433164218572415 0
3.5899999999999998579 3.0707037046130096769 528.63633957986348832 0.90030849473054053167 0
3.5999999999999996447 3.496948554973910106 528.45564184479223968 0.89945578923863045429 0
3.6099999999999998757 3.8956684171784412563 528.73721037666803113 0.89859641864458295046 0
3.6199999999999996625 4.2658528492090104223 529.39495118836759957 0.89772885627166743028 0
3.6299999999999998934 4.6075445640291716742 530.31434477714890363 0.89685388562587831096 0
3.6399999999999996803 4.9216880505097924114 531.36745965379918744 0.89597838598645462849 0
3.6499999999999999112 5.2098787981672245451 532.42719640895700195 0.89511475884854552199 0
3.659999999999999698 5.4741497705595971723 533.37846211590078838 0.89427637968084960907 0
3.6699999999999999289 5.7168137923701554115 534.13037668015408599 0.89347270060545580517 0
3.6799999999999997158 5.9403361249071506833 534.63072463804280687 0.89270698910794799019 0
3.6899999999999999467 6.1472769784061318532 534.87380384406947087 0.89197657259196017066 0
3.6999999999999997335 6.3403445148726653713 534.89480781729730552 0.89127378100979148812 0
3.7099999999999999645 6.522517742060222723 534.75234339752580581 0.8905882205787457595 0
3.7199999999999997513 6.6971939044783823647 534.5049335496561298 0.88991216330106936994 0
3.7299999999999995381 6.8683822942548635737 534.18777287756915939 0.88924715766601614142 0
3.7399999999999997691 7.0408722282675082482 533.79840957388194056 0.88860471823969711114 0
3.75 7.2201020837426357346 533.30357465146084905 0.88799687797412629742 0
3.7599999999999997868 7.4115753858979349644 532.66911993280450588 0.88742455167751843614 0
3.7699999999999995737 7.620014768086458723 531.89512317864966917 0.88687488758377841513 0
3.7799999999999998046 7.8485553609887954707 531.03307236164721417 0.88632751980371404787 0
3.7899999999999995914 8.0982070720211520864 530.17684652460354755 0.88576258488934778157 0
3.7999999999999998224 8.367771167371216734 529.43617432017003921 0.8851667831194579561 0
3.8099999999999996092 8.6542895901545282555 528.90559947382644168 0.88453652727734233263 0
3.8199999999999998401 8.9538301692315194202 528.63911072727171359 0.88387768811375777567 0
3.829999999999999627 9.2621285516867324361 528.64064394885497222 0.88320305377066155028 0
3.8399999999999998579 9.5747085741065127706 528.87411633259716837 0.88252918547738179456 0
3.8499999999999996447 9.8866974797478697212 529.28145503081782408 0.88187269764003872741 0
3.8599999999999998757 10.192882743121550959 529.7973656160779683 0.88124652318017981933 0
3.8699999999999996625 10.488043207705587179 530.36096573279974109 0.88065853684713424343 0
3.8799999999999998934 10.767149522479783741 530.92183624085794236 0.88011272667712225903 0
3.8899999999999996803 11.025384637863670179 531.43795096243468379 0.87961120644148049763 0
3.8999999999999999112 11.258248848792547392 531.87315507222172073 0.87915587598938826908 0
3.909999999999999698 11.461829078252364411 532.19962938817877784 0.87874865744336760898 0
3.9199999999999999289 11.633127501721714836 532.40307669264973356 0.87839028956538134363 0
3.9299999999999997158 11.770317307975361132 532.48878333193374601 0.87807951125276195725 0
3.9399999999999999467 11.872862887651605135 532.48515370726795481 0.87781444987575185657 0
3.9499999999999997335 11.941541320985072261 532.43812801738442886 0.87759535874794181165 0
3.9599999999999999645 11.978409161457179266 532.39692180395888954 0.87742647125989869927 0
3.9699999999999997513 11.986739960868330712 532.40162285856729341 0.87731583725640172045 0
3.9799999999999999822 11.970922019060655117 532.48020784682114481 0.87727231052703014136 0
3.9899999999999997691 11.936314918888497161 532.6485129676481165 0.87729983895720042852 0
4 11.889146594209918817 532.90327569461226176 0.87739033312695569045 0
4.0099999999999997868 11.836347370364162401 533.21359163695876759 0.87751864782882060823 0
