0 0.79443942721590476985 525.56603438740944512 -0.3904839981742279087 0
0.010000000000000000208 1.3076284523678305405 528.27212340859841788 -0.39096385334779532039 0
0.020000000000000000416 1.7669096906101031674 531.10218894343279317 -0.39143068967503669153 0
0.02999999999999999889 2.1408607733803224349 534.10659893534818821 -0.39187671247005273489 0
0.040000000000000000833 2.4264470150916221947 537.22116090670601807 -0.39229633962905519073 0
0.050000000000000002776 2.6364917525845164015 540.2995424651438725 -0.39268242032801786712 0
0.05999999999999999778 2.7834896326548963508 543.17301499833001799 -0.39302657159223775007 0
0.070000000000000006661 2.8732334053789823081 545.69494449397757307 -0.39332166201808871353 0
0.080000000000000001665 2.9072892719187168886 547.73623914754523412 -0.39356241622826509952 0
0.089999999999999996669 2.8872958614005663769 549.16241142396222585 -0.39374649094918284797 0
0.10000000000000000555 2.8201918763642339627 549.83835879615037356 -0.393876034355179927 0
0.11000000000000000056 2.7225492172872769459 549.65517956149392376 -0.39395604061335420809 0
0.11999999999999999556 2.6181049150390545144 548.56189327719164339 -0.39399126490077501783 0
0.13000000000000000444 2.5286096950353900148 546.60620280889929745 -0.39398610355897634161 0
0.14000000000000001332 2.4659309398605091523 543.96461702207488997 -0.39394708170734882291 0
0.14999999999999999445 2.430763416914911712 540.92636021386147149 -0.39388494323070866177 0
0.16000000000000000333 2.4187359984462681872 537.83387537251405774 -0.39381490815581404741 0
0.17000000000000001221 2.4303056533678901729 535.00792080548762897 -0.39375535157782298734 0
0.17999999999999999334 2.4738524840349058742 532.68174657373083392 -0.39372456732692684422 0
0.19000000000000000222 2.5561654585804096662 530.96791821122667443 -0.39373633461995616312 0
0.2000000000000000111 2.6700689738185645616 529.86645859836983163 -0.39379745284467626565 0
0.20999999999999999223 2.7937053751763540888 529.30594126118376153 -0.39390768990943025862 0
0.22000000000000000111 2.904051938789710352 529.20088490511534474 -0.39406097401471618102 0
0.23000000000000000999 2.9922315037082971578 529.48475862916018286 -0.39424959191875341702 0
0.23999999999999999112 3.065425618597125812 530.09244251373866064 -0.39446927764263400862 0
0.25 3.1354786540079548907 530.93195297827446666 -0.39471816926909852885 0
0.26000000000000000888 3.2100566782315285153 531.89350643586067235 -0.39499180860693411388 0
0.27000000000000001776 3.2961648085441157541 532.88515359363520929 -0.39528353179916708715 0
0.28000000000000002665 3.4072682869653800886 533.85530361374367203 -0.3955890916793908807 0
0.28999999999999998002 3.5607616427323836028 534.79196793940047883 -0.39590767003895421805 0
0.2999999999999999889 3.7668988748539673495 535.71692738679951162 -0.39623944981486208805 0
0.30999999999999999778 4.0214537728153167961 536.67439849688901177 -0.39658532524349016102 0
0.32000000000000000666 4.3087595532361993023 537.70486581700970419 -0.39694989383177942122 0
0.33000000000000001554 4.6113230444906250227 538.82475775229477222 -0.39734228965698792368 0
0.34000000000000002442 4.9188713752743957741 540.02531843425606439 -0.39777184472987331398 0
0.35000000000000003331 5.2318590881662485614 541.26866531103178204 -0.39824300436752579913 0
0.35999999999999998668 5.5592116629371863823 542.47252238201497221 -0.39875324278123130961 0
0.36999999999999999556 5.9147057709242361057 543.51662907930119673 -0.39929424747348502001 0
0.38000000000000000444 6.3129796901209367377 544.29438529112394463 -0.39985674694739620216 0
0.39000000000000001332 6.7622773408156264807 544.77357871288438673 -0.40043657002834986969 0
0.4000000000000000222 7.2589385569902225015 544.99870676352566079 -0.401036210510028579 0
0.41000000000000003109 7.7934648564956168215 545.01304860370169081 -0.40166155590003349563 0
0.41999999999999998446 8.3658262376571013164 544.78254657789398152 -0.40231792469523508515 0
0.42999999999999999334 8.9912888831793100763 544.21855685637683564 -0.40300729343815483441 0
0.44000000000000000222 9.6851922119114135512 543.281518412002697 -0.40372820056470898331 0
0.4500000000000000111 10.444901919594412831 542.07254151551853738 -0.40447673627722630085 0
0.46000000000000001998 11.249661250648641087 540.82134858075733064 -0.40524497439507062291 0
0.47000000000000002887 12.070257594067600238 539.75462692569863066 -0.40601846986838718845 0
0.47999999999999998224 12.87425462051928271 538.95918486823165949 -0.40677459297980095299 0
0.48999999999999999112 13.625247332530801003 538.36065451990350539 -0.40748039873443647751 0
0.5 14.277389059609419064 537.79252787169343719 -0.4080908429269562987 0
0.51000000000000000888 14.769761052891752229 537.05351282796050327 -0.40855169662134660502 0
0.52000000000000001776 15.030640568862633444 535.95378028061281839 -0.40881220123472006289 0
0.53000000000000002665 14.994421096997406551 534.41239252380410107 -0.40884289233934933971 0
0.54000000000000003553 14.618242531930269124 532.54960131779853327 -0.4086464032221893139 0
0.55000000000000004441 13.891913372561914386 530.6584254449060154 -0.40825826330799025454 0
0.56000000000000005329 12.853872498393693391 529.07474319339007707 -0.40773903170395586759 0
0.57000000000000006217 11.604954676571129113 528.06003348373633344 -0.40715720925884230086 0
0.57999999999999996003 10.288044690088913313 527.74533603255918024 -0.40657149309338558307 0
0.58999999999999996891 9.0394442249640984954 528.12599488989644669 -0.40602328395636988478 0
0.5999999999999999778 7.9527524632885526756 529.09825958387523315 -0.40553839388925971843 0
0.60999999999999998668 7.0723984992151347484 530.52310330903594604 -0.40512961194899832496 0
0.61999999999999999556 6.4056350462718629757 532.27874838838170035 -0.40479531651515998636 0
0.63000000000000000444 5.9392882383402891833 534.24796167158979188 -0.40451675618395754874 0
0.64000000000000001332 5.6509971787660759901 536.24997196946037548 -0.40426108230846286018 0
0.6500000000000000222 5.5137952771268885499 538.00805477284473 -0.40399259042487878357 0
0.66000000000000003109 5.5009846876089785184 539.2045911666647271 -0.40368441132202442789 0
0.67000000000000003997 5.5921873117198837022 539.58397660816285679 -0.40332420381125555497 0
0.68000000000000004885 5.7793524487792256039 539.03689507674403103 -0.40291503953633972523 0
0.69000000000000005773 6.0716950554629969261 537.62780059660917686 -0.40247250439500553698 0
0.70000000000000006661 6.4902453662147827629 535.56160618953026642 -0.40202091534185535604 0
0.70999999999999996447 7.050911519400058225 533.09312410634220214 -0.40158941476594950393 0
0.71999999999999997335 7.7502174575606526119 530.39204018173325039 -0.40120294753010388167 0
0.72999999999999998224 8.5598344027612380813 527.44900276884504819 -0.40087154618781301041 0
0.73999999999999999112 9.4258950998128128163 524.14347935939292711 -0.40058480882554731162 0
0.75 10.271115928631434855 520.4166385730965203 -0.40031079260650498375 0
0.76000000000000000888 10.995067742417537815 516.33298378915367266 -0.40000073447247114222 0
0.77000000000000001776 11.470524323098585384 511.99529365239300205 -0.39960083501671905815 0
0.78000000000000002665 11.550676137022852785 507.4798908597153968 -0.39906689683825191661 0
0.79000000000000003553 11.109019121858873191 502.85651236419170118 -0.39838093580631062096 0
0.80000000000000004441 10.109766147662030633 498.22431612740308537 -0.39756475220731907205 0
0.81000000000000005329 8.6610553936683452037 493.70303020869334887 -0.39667858398618371929 0
0.82000000000000006217 6.989932074119608707 489.3737527499515636 -0.39580378464063709076 0
0.83000000000000007105 5.3380487595882497587 485.23691151235198049 -0.39501658924000693229 0
0.83999999999999996891 3.8574221811223652345 481.22673451192036964 -0.39436019840810138115 0
0.8499999999999999778 2.5892114603622773394 477.21427358121849238 -0.3938285805106135351 0
0.85999999999999998668 1.5177498536264473206 472.97920503257779501 -0.39337107588930653179 0
0.86999999999999999556 0.61583371695778788002 468.25852622274180703 -0.39291298380686273672 0
0.88000000000000000444 -0.16710155764578327187 462.94105026968281891 -0.39238324386448930614 0
0.89000000000000001332 -0.93430143957943057043 457.30040768817173102 -0.39174073058702213457 0
0.9000000000000000222 -1.8125959788667396211 452.02472078264150923 -0.39098918111896141525 0
0.91000000000000003109 -2.8383367281540969884 447.8908855048323403 -0.3901718869517682986 0
0.92000000000000003997 -3.8525966041663783912 445.29285880396980701 -0.38934941166913705768 0
0.93000000000000004885 -4.5519753066343753289 444.07255113523041246 -0.3885784158234742991 0
0.94000000000000005773 -4.6878408803218256651 443.81230082431352457 -0.38790530709833020984 0
0.95000000000000006661 -4.2268676905875635086 444.25699992461386501 -0.38737269148004238595 0
0.95999999999999996447 -3.3407538713327600277 445.48875210299991068 -0.38702865626138310828 0
0.96999999999999997335 -2.2837481710427538495 447.86726070780520104 -0.3869304995662501967 0
0.97999999999999998224 -1.2709692379635193493 451.91691122149984494 -0.38713767604078314077 0
0.98999999999999999112 -0.39334710665341132696 458.11522818571160087 -0.38768870930201471126 0
1 0.41742179432040782405 466.51487050942466794 -0.38856570660624967228 0
1.0100000000000000089 1.3331609527117964653 476.43318119397588362 -0.3896712508154048793 0
1.0200000000000000178 2.4960136488590354276 486.4947688443877496 -0.39084298024064767496 0
1.0300000000000000266 3.9130673658084424993 495.03980699826280443 -0.39190000834096616611 0
1.0400000000000000355 5.4583935625077151244 500.73844521999171775 -0.39269657825996545641 0
1.0500000000000000444 6.9501100424907296116 503.16209250433496436 -0.39315973999762776625 0
1.0600000000000000533 8.22293297974211157 502.96199990311345118 -0.39329096832363402703 0
1.0700000000000000622 9.1544731397881484725 501.46116222368470972 -0.39313390409016402138 0
1.0800000000000000711 9.6567616336752823969 499.91024536124609767 -0.3927360941236843761 0
1.0900000000000000799 9.672851760682373623 498.93386283578792018 -0.39213031623060745634 0
1.1000000000000000888 9.2093165118656070689 498.46443286751872392 -0.39133934303697043289 0
1.1100000000000000977 8.3835364641191318924 498.05422975092727711 -0.39039079858105746323 0
1.1200000000000001066 7.4219118039488467531 497.26843695616855712 -0.38932962060229708845 0
1.1300000000000001155 6.5858551392930477775 495.93346490924261616 -0.38821943988985035956 0
1.1400000000000001243 6.0775689444021940844 494.20391133069739453 -0.38713011629773752542 0
1.1500000000000001332 5.9881731652578134018 492.4905934843947648 -0.38612083816662090552 0
1.1599999999999999201 6.3083255360578416315 491.29584830449022093 -0.38522735638580274387 0
1.1699999999999999289 6.9832032132823913528 491.04270301951243027 -0.3844555527764654812 0
1.1799999999999999378 7.9677458170262234205 491.96374341195712532 -0.38378264298285591494 0
1.1899999999999999467 9.2348439238446893285 494.03891687115282139 -0.38316486194568316614 0
1.1999999999999999556 10.737793010464006471 496.97805018879648742 -0.38254830023853314547 0
1.2099999999999999645 12.384340397802120037 500.31426817343640323 -0.38188154164309623395 0
1.2199999999999999734 14.062951337131504914 503.62586753087373381 -0.38113024410416462828 0
1.2299999999999999822 15.696862485652447461 506.75994633919196986 -0.38028675158920938193 0
1.2399999999999999911 17.274095673114640448 509.89155876688846547 -0.37936483019992878196 0
1.25 18.824180219198588304 513.37358560236577887 -0.37838483983875587091 0
1.2600000000000000089 20.349230338132837659 517.50702254482393982 -0.37736416741008810272 0
1.2700000000000000178 21.758443844614525631 522.39761595198001487 -0.37631506338868342398 0
1.2800000000000000266 22.860907184248045354 527.95388457598903642 -0.37524377736017938689 0
1.2900000000000000355 23.422536041105189497 533.97636270596854047 -0.37415135132553350994 0
1.3000000000000000444 23.258797185534891838 540.25516971261049548 -0.37303782019416287241 0
1.3100000000000000533 22.331556274626954917 546.62409768536815591 -0.37190996822942185007 0
1.3200000000000000622 20.815188517463926843 552.95088042920122007 -0.37079072872029250618 0
1.3300000000000000711 19.098205633784413493 559.0791428844904658 -0.36971865453742308594 0
1.3400000000000000799 17.692429011394160909 564.7975332895214251 -0.36873181923617182054 0
1.3500000000000000888 17.058828559971278338 569.9050893776218345 -0.36785147487959041213 0
1.3600000000000000977 17.428589773997181567 574.33085246875737084 -0.36707745532948515832 0
1.3700000000000001066 18.720397228393022004 578.17401867439866692 -0.36638966328112954063 0
1.3800000000000001155 20.601632536792752859 581.60108772746366412 -0.36575069615247846055 0
1.3900000000000001243 22.65530481748537639 584.70941954999079826 -0.36511258632078991138 0
1.4000000000000001332 24.545642370984705138 587.50547029325218773 -0.36443007748936323553 0
1.4099999999999999201 26.091595823477423011 589.98281362832369723 -0.36367685958181222849 0
1.4199999999999999289 27.25024928960826287 592.16176151186300558 -0.36285320127664516532 0
1.4299999999999999378 28.0695134849032506 594.01494317173501258 -0.3619749460616428216 0
1.4399999999999999467 28.655540883600618685 595.34503837828015094 -0.36105204489662684475 0
1.4499999999999999556 29.157006047718862618 595.76145790325858798 -0.36007538473714534311 0
1.4599999999999999645 29.735232641370132001 594.84115445080226436 -0.35901948067882638593 0
1.4699999999999999734 30.515463771496758483 592.413053675060155 -0.35785860353520465571 0
1.4799999999999999822 31.562658885483369176 588.7807390213480403 -0.35658921485671735141 0
1.4899999999999999911 32.908142901536862723 584.67755174702074328 -0.35524219648612453959 0
1.5 34.594307102176905744 580.93746083550786352 -0.35387045931027566459 0
1.5100000000000000089 36.683359923321603446 578.15075437252494339 -0.35252069568778443553 0
1.5200000000000000178 39.223042220096857591 576.59955774037655374 -0.35121600546937131737 0
1.5300000000000000266 42.221633549914940886 576.42751572947827299 -0.34996038629823078558 0
1.5400000000000000355 45.671139587243501978 577.74411986683173836 -0.34874751905320555689 0
1.5500000000000000444 49.579250676051799473 580.56717574525896453 -0.3475569712424069202 0
1.5600000000000000533 53.942022239790155425 584.76809223573991403 -0.34634110270931944831 0
1.5700000000000000622 58.666869830811734232 590.12329187127625119 -0.34501462942704114178 0
1.5800000000000000711 63.539700680721580284 596.42811762546989485 -0.34345919257382040435 0
1.5900000000000000799 68.304168097868839027 603.63243370930331366 -0.3415499151356292673 0
1.6000000000000000888 72.791139742435603921 611.99622661988928485 -0.33919478024861210441 0
1.6100000000000000977 76.967347019105588402 622.15401721605894636 -0.33636494911909392558 0
1.6200000000000001066 80.857845437166446345 634.91892123470097431 -0.33309813531760790184 0
1.6300000000000001155 84.421497180909312874 650.86973472716908873 -0.32947779055717979491 0
1.6400000000000001243 87.516784594141370235 669.97676641441023548 -0.32561112734543246061 0
1.6500000000000001332 89.990384683362492524 691.50462927025898807 -0.32161963857227210406 0
1.6600000000000001421 91.761869571709141269 714.21886108836781659 -0.31763072081960286308 0
1.6699999999999999289 92.830330436143455586 736.72998219974738277 -0.31376242259160475045 0
1.6799999999999999378 93.267796525508074978 757.81215939742310184 -0.31011103150482582924 0
1.6899999999999999467 93.251758396431569054 776.57778291770409851 -0.30674751739390643257 0
1.6999999999999999556 93.076467293344634868 792.48647563395809357 -0.30371777828134310928 0
1.7099999999999999645 93.076990674936055825 805.30763385727084369 -0.30104314876487320296 0
1.7199999999999999734 93.534829336045575587 815.08931953625278766 -0.29872314609646166694 0
1.7299999999999999822 94.668987994919248763 822.10197643924288968 -0.29674157344453799823 0
1.7399999999999999911 96.70978206494974927 826.77432894290677723 -0.29507394487473348477 0
1.75 99.977322888872606654 829.62125322593067267 -0.29369306916066462154 0
1.7600000000000000089 104.88251816620774548 831.12059719177375428 -0.29257009599761890639 0
1.7700000000000000178 111.81234685620901814 831.56704412859926379 -0.29167322473952922435 0
1.7800000000000000266 120.92812404953073724 831.01955179832509657 -0.29096828546144404282 0
1.7900000000000000355 131.96636986112289947 829.41096272676088574 -0.29041789137003654053 0
1.8000000000000000444 144.16313080232256993 826.75847748399235115 -0.28997707865946653616 0
1.8100000000000000533 156.38047023448834238 823.33986614409673166 -0.28959250353520066268 0
1.8200000000000000622 167.4136262774375723 819.70008597402318173 -0.28920831578918793081 0
1.8300000000000000711 176.35680010110556282 816.47237446359315527 -0.28877591245277089982 0
1.8400000000000000799 182.86348249109173025 814.19137369729355669 -0.28826566482206028574 0
1.8500000000000000888 187.19949329339891619 813.25423503412230275 -0.28767549875278108917 0
1.8600000000000000977 190.086260879398111 813.97055674740158793 -0.2870295701017009371 0
1.8700000000000001066 192.4172918290929033 816.5945356092079237 -0.2863674103616761224 0
1.8800000000000001155 194.99743475902783985 821.33759335529634882 -0.28573035843988259241 0
1.8900000000000001243 198.41547370950402751 828.37331164707507014 -0.28515119904703678522 0
1.9000000000000001332 203.03744249519743903 837.82399820277453273 -0.28465060572979011821 0
1.9100000000000001421 209.0500885960721007 849.72215427177980018 -0.28424162552477677535 0
1.9199999999999999289 216.49928665345740342 863.90056203503013421 -0.28393679990329628859 0
1.9299999999999999378 225.28338736001583698 879.75931985724014339 -0.28374827986559630899 0
1.9399999999999999467 235.10911209713268022 895.94411780810025903 -0.28367713043252584804 0
1.9499999999999999556 245.44378499605886645 910.04227971838383837 -0.28369522769192290212 0
1.9599999999999999645 255.43335726117089735 918.37485152265526267 -0.28372376922015957179 0
1.9699999999999999734 263.75861752569625196 915.97042800850886124 -0.2836148045423376729 0
1.9799999999999999822 268.51885980642674667 896.93681733621235708 -0.28314849670713893026 0
1.9899999999999999911 267.31670678757848236 855.44774387644554281 -0.28206121782538767784 0
2 257.69762857615842222 787.3781127535255564 -0.2801214661364480607 0
2.0099999999999997868 237.96065767372337518 692.34531655678699735 -0.27727217113082275324 0
2.0199999999999995737 208.11040011023754914 575.34075852820853925 -0.27382623321343635414 0
2.0299999999999998046 170.43117857263217729 446.63918617104008035 -0.27061932702271479512 0
2.0400000000000000355 129.13068718864008133 319.43022431945826156 -0.26897457795830537197 0
2.0499999999999998224 89.083901549910279982 206.33982478469926036 -0.27037929102099833578 0
2.0599999999999996092 54.462753066471051966 116.51844577192650831 -0.27582308220456652759 0
2.0699999999999998401 27.927924367237224601 53.938211027696681299 -0.28491082517830590426 0
2.0800000000000000711 10.312744719583470498 17.041275033262621719 -0.29553002993478555416 0
2.0899999999999998579 0 0 -0.30495887451444109173 0
2.0999999999999996447 0 0 -0.31154391725909236222 0
2.1099999999999994316 0 0 -0.31517825061393817121 0
2.1199999999999996625 0 0 -0.31661390660973365296 0
2.1299999999999998934 0 0 -0.31675457480438773405 0
2.1399999999999996803 0 0 -0.31632271471882400515 0
2.1499999999999994671 0 0 -0.3157710390056450156 0
2.159999999999999698 0 0 -0.3153187569552312608 0
2.1699999999999999289 0 0 -0.31502954000599076023 0
2.1799999999999997158 0 0 -0.31488567342520579206 0
2.1899999999999995026 0 0 -0.31484062594724449013 0
2.1999999999999997335 0 0 -0.31484852591270673372 0
2.2099999999999999645 0 0 -0.31487615109009348124 0
2.2199999999999997513 0 0 -0.31490446501085805897 0
2.2299999999999995381 0 0 -0.31492542355286945455 0
2.2399999999999997691 0 0 -0.31493769072601013326 0
2.25 0 0 -0.31494306014609513289 0
2.2599999999999997868 0 0 -0.31494413337988569346 0
2.2699999999999995737 0 0 -0.31494314355999097899 0
2.2799999999999998046 0 0 -0.3149415691825264707 0
2.2900000000000000355 0 0 -0.31494017829901527206 0
2.2999999999999998224 0 0 -0.31493923845181398535 0
2.3099999999999996092 0 0 -0.31493873838372365981 0
2.3199999999999998401 0 0 -0.31493855478607318821 0
2.3300000000000000711 0 0 -0.31493855136644521853 0
2.3399999999999998579 0 0 -0.31493862324728066904 0
2.3499999999999996447 0 0 -0.31493870681730196104 0
2.3599999999999994316 0 0 -0.31493877266368319745 0
2.3699999999999996625 0 0 -0.31493881342697477299 0
2.3799999999999998934 0 0 -0.314938832837130811 0
2.3899999999999996803 0 0 -0.31493883819540879898 0
2.3999999999999994671 0 0 -0.31493883630727270706 0
2.409999999999999698 0 0 -0.31493883193726424086 0
2.4199999999999999289 0 0 -0.31493882772185533003 0
2.4299999999999997158 0 0 -0.31493882470767159409 0
2.4399999999999995026 0 0 -0.31493882300264586238 0
2.4499999999999997335 0 0 -0.31493882229809461171 0
2.4599999999999999645 0 0 -0.31493882219664365296 0
2.4699999999999997513 0 0 -0.314938822371526983 0
2.4799999999999995381 0 0 -0.31493882261329436689 0
2.4899999999999997691 0 0 -0.31493882281743768026 0
2.5 0 0 -0.31493882295096758961 0
2.5099999999999997868 0 0 -0.31493882301931891421 0
2.5199999999999995737 0 0 -0.3149388230423218471 0
2.5299999999999998046 0 0 -0.31493882304039816367 0
2.5400000000000000355 0 0 -0.31493882302870385148 0
2.5499999999999998224 0 0 -0.31493882301613151942 0
2.5599999999999996092 0 0 -0.3149388230065890415 0
2.5699999999999998401 0 0 -0.31493882300087200354 0
2.5800000000000000711 0 0 -0.31493882299827669069 0
2.5899999999999998579 0 0 -0.31493882299767028687 0
2.5999999999999996447 0 0 -0.31493882299804853986 0
2.6099999999999994316 0 0 -0.314938822998731216 0
2.6199999999999996625 0 0 -0.31493882299935538338 0
2.6299999999999998934 0 0 -0.31493882299978698258 0
2.6399999999999996803 0 0 -0.31493882300002268293 0
2.6499999999999994671 0 0 -0.31493882300011383224 0
2.659999999999999698 0 0 -0.31493882300012071562 0
2.6699999999999999289 0 0 -0.31493882300009107267 0
2.6799999999999997158 0 0 -0.31493882300005426877 0
2.6899999999999995026 0 0 -0.31493882300002445929 0
2.6999999999999997335 0 0 -0.31493882300000552998 0
2.7099999999999999645 0 0 -0.31493882299999620411 0
2.7199999999999997513 0 0 -0.31493882299999337304 0
2.7299999999999995381 0 0 -0.31493882299999403918 0
2.7399999999999997691 0 0 -0.31493882299999592655 0
2.75 0 0 -0.31493882299999781393 0
2.7599999999999997868 0 0 -0.31493882299999920171 0
2.7699999999999995737 0 0 -0.31493882300000003438 0
2.7799999999999998046 0 0 -0.31493882300000036745 0
2.7900000000000000355 0 0 -0.31493882300000042296 0
2.7999999999999998224 0 0 -0.31493882300000036745 0
2.8099999999999996092 0 0 -0.31493882300000020091 0
2.8199999999999998401 0 0 -0.31493882300000008989 0
2.8300000000000000711 0 0 -0.31493882300000003438 0
2.8399999999999998579 0 0 -0.31493882300000003438 0
2.8499999999999996447 0 0 -0.31493882300000003438 0
2.8599999999999994316 0 0 -0.31493882300000003438 0
2.8699999999999996625 0 0 -0.31493882300000003438 0
2.8799999999999998934 0 0 -0.31493882300000003438 0
2.8899999999999996803 0 0 -0.31493882300000003438 0
2.8999999999999994671 0 0 -0.31493882300000003438 0
2.909999999999999698 0 0 -0.31493882300000003438 0
2.9199999999999999289 0 0 -0.31493882300000003438 0
2.9299999999999997158 0 0 -0.31493882300000003438 0
2.9399999999999995026 0 0 -0.31493882300000003438 0
2.9499999999999997335 0 0 -0.31493882300000003438 0
2.9599999999999999645 0 0 -0.31493882300000003438 0
2.9699999999999997513 0 0 -0.31493882300000003438 0
2.9799999999999995381 0 0 -0.31493882300000003438 0
2.9899999999999997691 0 0 -0.31493882300000003438 0
3 0 0 -0.31493882300000003438 0
3.0099999999999997868 0 0 -0.31493882300000003438 0
3.0199999999999995737 0 0 -0.31493882300000003438 0
3.0299999999999998046 0 0 -0.31493882300000003438 0
3.0400000000000000355 0 0 -0.31493882300000003438 0
3.0499999999999998224 0 0 -0.31493882300000003438 0
3.0599999999999996092 0 0 -0.31493882300000003438 0
3.0699999999999998401 0 0 -0.31493882300000003438 0
3.079999999999999627 0 0 -0.31493882300000003438 0
3.0899999999999998579 0 0 -0.31493882300000003438 0
3.0999999999999996447 0 0 -0.31493882300000003438 0
3.1099999999999998757 0 0 -0.31493882300000003438 0
3.1199999999999996625 0 0 -0.31493882300000003438 0
3.1299999999999998934 0 0 -0.31493882300000003438 0
3.1399999999999996803 0 0 -0.31493882300000003438 0
3.1499999999999999112 0 0 -0.31493882300000003438 0
3.159999999999999698 0 0 -0.31493882300000003438 0
3.1699999999999999289 0 0 -0.31493882300000003438 0
3.1799999999999997158 0 0 -0.31493882300000003438 0
3.1899999999999995026 0 0 -0.31493882300000003438 0
3.1999999999999997335 0 0 -0.31493882300000003438 0
3.2099999999999999645 0 0 -0.31493882300000003438 0
3.2199999999999997513 0 0 -0.31493882300000003438 0
3.2299999999999995381 0 0 -0.31493882300000003438 0
3.2399999999999997691 0 0 -0.31493882300000003438 0
3.25 0 0 -0.31493882300000003438 0
3.2599999999999997868 0 0 -0.31493882300000003438 0
3.2699999999999995737 0 0 -0.31493882300000003438 0
3.2799999999999998046 0 0 -0.31493882300000003438 0
3.2900000000000000355 0 0 -0.31493882300000003438 0
3.2999999999999998224 0 0 -0.31493882300000003438 0
3.3099999999999996092 0 0 -0.31493882300000003438 0
3.3199999999999998401 0 0 -0.31493882300000003438 0
3.329999999999999627 0 0 -0.31493882300000003438 0
3.3399999999999998579 0 0 -0.31493882300000003438 0
3.3499999999999996447 0 0 -0.31493882300000003438 0
3.3599999999999998757 0 0 -0.31493882300000003438 0
3.3699999999999996625 0 0 -0.31493882300000003438 0
3.3799999999999998934 0 0 -0.31493882300000003438 0
3.3899999999999996803 0 0 -0.31493882300000003438 0
3.3999999999999999112 0 0 -0.31493882300000003438 0
3.409999999999999698 0 0 -0.31493882300000003438 0
3.4199999999999999289 0 0 -0.31493882300000003438 0
3.4299999999999997158 0 0 -0.31493882300000003438 0
3.4399999999999995026 0 0 -0.31493882300000003438 0
3.4499999999999997335 0 0 -0.31493882300000003438 0
3.4599999999999999645 0 0 -0.31493882300000003438 0
3.4699999999999997513 0 0 -0.31493882300000003438 0
3.4799999999999995381 0 0 -0.31493882300000003438 0
3.4899999999999997691 0 0 -0.31493882300000003438 0
3.5 0 0 -0.31493882300000003438 0
3.5099999999999997868 0 0 -0.31493882300000003438 0
3.5199999999999995737 0 0 -0.31493882300000003438 0
3.5299999999999998046 0 0 -0.31493882300000003438 0
3.5399999999999995914 0 0 -0.31493882300000003438 0
3.5499999999999998224 0 0 -0.31493882300000003438 0
3.5599999999999996092 0 0 -0.31493882300000003438 0
3.5699999999999998401 0 0 -0.31493882300000003438 0
3.579999999999999627 0 0 -0.31493882300000003438 0
3.5899999999999998579 0 0 -0.31493882300000003438 0
3.5999999999999996447 0 0 -0.31493882300000003438 0
3.6099999999999998757 0 0 -0.31493882300000003438 0
3.6199999999999996625 0 0 -0.31493882300000003438 0
3.6299999999999998934 0 0 -0.31493882300000003438 0
3.6399999999999996803 0 0 -0.31493882300000003438 0
3.6499999999999999112 0 0 -0.31493882300000003438 0
3.659999999999999698 0 0 -0.31493882300000003438 0
3.6699999999999999289 0 0 -0.31493882300000003438 0
3.6799999999999997158 0 0 -0.31493882300000003438 0
3.6899999999999999467 0 0 -0.31493882300000003438 0
3.6999999999999997335 0 0 -0.31493882300000003438 0
3.7099999999999999645 0 0 -0.31493882300000003438 0
3.7199999999999997513 0 0 -0.31493882300000003438 0
3.7299999999999995381 0 0 -0.31493882300000003438 0
3.7399999999999997691 0 0 -0.31493882300000003438 0
3.75 0 0 -0.31493882300000003438 0
3.7599999999999997868 0 0 -0.31493882300000003438 0
3.7699999999999995737 0 0 -0.31493882300000003438 0
3.7799999999999998046 0 0 -0.31493882300000003438 0
3.7899999999999995914 0 0 -0.31493882300000003438 0
3.7999999999999998224 0 0 -0.31493882300000003438 0
3.8099999999999996092 0 0 -0.31493882300000003438 0
3.8199999999999998401 0 0 -0.31493882300000003438 0
3.829999999999999627 0 0 -0.31493882300000003438 0
3.8399999999999998579 0 0 -0.31493882300000003438 0
3.8499999999999996447 0 0 -0.31493882300000003438 0
3.8599999999999998757 0 0 -0.31493882300000003438 0
3.8699999999999996625 0 0 -0.31493882300000003438 0
3.8799999999999998934 0 0 -0.31493882300000003438 0
3.8899999999999996803 0 0 -0.31493882300000003438 0
3.8999999999999999112 0 0 -0.31493882300000003438 0
3.909999999999999698 0 0 -0.31493882300000003438 0
3.9199999999999999289 0 0 -0.31493882300000003438 0
3.9299999999999997158 0 0 -0.31493882300000003438 0
3.9399999999999999467 0 0 -0.31493882300000003438 0
3.9499999999999997335 0 0 -0.31493882300000003438 0
3.9599999999999999645 0 0 -0.31493882300000003438 0
3.9699999999999997513 0 0 -0.31493882300000003438 0
3.9799999999999999822 0 0 -0.31493882300000003438 0
3.9899999999999997691 0 0 -0.31493882300000003438 0
4 0 0 -0.31493882300000003438 0
4.0099999999999997868 0 0 -0.31493882300000003438 0
