0 0 0 0.2672371000000000052 0
0.010000000000000000208 0 0 0.2672371000000000052 0
0.020000000000000000416 0 0 0.2672371000000000052 0
0.02999999999999999889 0 0 0.2672371000000000052 0
0.040000000000000000833 0 0 0.2672371000000000052 0
0.050000000000000002776 0 0 0.2672371000000000052 0
0.05999999999999999778 0 0 0.2672371000000000052 0
0.070000000000000006661 0 0 0.2672371000000000052 0
0.080000000000000001665 0 0 0.2672371000000000052 0
0.089999999999999996669 0 0 0.2672371000000000052 0
0.10000000000000000555 0 0 0.2672371000000000052 0
0.11000000000000000056 0 0 0.2672371000000000052 0
0.11999999999999999556 0 0 0.2672371000000000052 0
0.13000000000000000444 0 0 0.2672371000000000052 0
0.14000000000000001332 0 0 0.2672371000000000052 0
0.14999999999999999445 0 0 0.2672371000000000052 0
0.16000000000000000333 0 0 0.2672371000000000052 0
0.17000000000000001221 0 0 0.2672371000000000052 0
0.17999999999999999334 0 0 0.2672371000000000052 0
0.19000000000000000222 0 0 0.2672371000000000052 0
0.2000000000000000111 0 0 0.2672371000000000052 0
0.20999999999999999223 0 0 0.2672371000000000052 0
0.22000000000000000111 0 0 0.2672371000000000052 0
0.23000000000000000999 0 0 0.2672371000000000052 0
0.23999999999999999112 0 0 0.2672371000000000052 0
0.25 0 0 0.2672371000000000052 0
0.26000000000000000888 0 0 0.2672371000000000052 0
0.27000000000000001776 0 0 0.2672371000000000052 0
0.28000000000000002665 0 0 0.2672371000000000052 0
0.28999999999999998002 0 0 0.2672371000000000052 0
0.2999999999999999889 0 0 0.2672371000000000052 0
0.30999999999999999778 0 0 0.2672371000000000052 0
0.32000000000000000666 0 0 0.2672371000000000052 0
0.33000000000000001554 0 0 0.2672371000000000052 0
0.34000000000000002442 0 0 0.2672371000000000052 0
0.35000000000000003331 0 0 0.2672371000000000052 0
0.35999999999999998668 0 0 0.2672371000000000052 0
0.36999999999999999556 0 0 0.2672371000000000052 0
0.38000000000000000444 0 0 0.2672371000000000052 0
0.39000000000000001332 0 0 0.2672371000000000052 0
0.4000000000000000222 0 0 0.2672371000000000052 0
0.41000000000000003109 0 0 0.2672371000000000052 0
0.41999999999999998446 0 0 0.2672371000000000052 0
0.42999999999999999334 0 0 0.2672371000000000052 0
0.44000000000000000222 0 0 0.2672371000000000052 0
0.4500000000000000111 0 0 0.2672371000000000052 0
0.46000000000000001998 0 0 0.2672371000000000052 0
0.47000000000000002887 0 0 0.2672371000000000052 0
0.47999999999999998224 0 0 0.2672371000000000052 0
0.48999999999999999112 0 0 0.2672371000000000052 0
0.5 0 0 0.2672371000000000052 0
0.51000000000000000888 0 0 0.2672371000000000052 0
0.52000000000000001776 0 0 0.2672371000000000052 0
0.53000000000000002665 0 0 0.2672371000000000052 0
0.54000000000000003553 0 0 0.2672371000000000052 0
0.55000000000000004441 0 0 0.2672371000000000052 0
0.56000000000000005329 0 0 0.2672371000000000052 0
0.57000000000000006217 0 0 0.2672371000000000052 0
0.57999999999999996003 0 0 0.2672371000000000052 0
0.58999999999999996891 0 0 0.2672371000000000052 0
0.5999999999999999778 0 0 0.2672371000000000052 0
0.60999999999999998668 0 0 0.2672371000000000052 0
0.61999999999999999556 0 0 0.2672371000000000052 0
0.63000000000000000444 0 0 0.2672371000000000052 0
0.64000000000000001332 0 0 0.2672371000000000052 0
0.6500000000000000222 0 0 0.2672371000000000052 0
0.66000000000000003109 0 0 0.2672371000000000052 0
0.67000000000000003997 0 0 0.2672371000000000052 0
0.68000000000000004885 0 0 0.2672371000000000052 0
0.69000000000000005773 0 0 0.2672371000000000052 0
0.70000000000000006661 0 0 0.2672371000000000052 0
0.70999999999999996447 0 0 0.2672371000000000052 0
0.71999999999999997335 0 0 0.2672371000000000052 0
0.72999999999999998224 0 0 0.2672371000000000052 0
0.73999999999999999112 0 0 0.2672371000000000052 0
0.75 0 0 0.2672371000000000052 0
0.76000000000000000888 0 0 0.2672371000000000052 0
0.77000000000000001776 0 0 0.2672371000000000052 0
0.78000000000000002665 0 0 0.2672371000000000052 0
0.79000000000000003553 0 0 0.2672371000000000052 0
0.80000000000000004441 0 0 0.2672371000000000052 0
0.81000000000000005329 0 0 0.2672371000000000052 0
0.82000000000000006217 0 0 0.2672371000000000052 0
0.83000000000000007105 0 0 0.2672371000000000052 0
0.83999999999999996891 0 0 0.2672371000000000052 0
0.8499999999999999778 0 0 0.2672371000000000052 0
0.85999999999999998668 0 0 0.2672371000000000052 0
0.86999999999999999556 0 0 0.2672371000000000052 0
0.88000000000000000444 0 0 0.2672371000000000052 0
0.89000000000000001332 0 0 0.2672371000000000052 0
0.9000000000000000222 0 0 0.2672371000000000052 0
0.91000000000000003109 0 0 0.2672371000000000052 0
0.92000000000000003997 0 0 0.2672371000000000052 0
0.93000000000000004885 0 0 0.2672371000000000052 0
0.94000000000000005773 0 0 0.2672371000000000052 0
0.95000000000000006661 0 0 0.2672371000000000052 0
0.95999999999999996447 0 0 0.2672371000000000052 0
0.96999999999999997335 0 0 0.2672371000000000052 0
0.97999999999999998224 0 0 0.2672371000000000052 0
0.98999999999999999112 0 0 0.2672371000000000052 0
1 0 0 0.2672371000000000052 0
1.0100000000000000089 0 0 0.2672371000000000052 0
1.0200000000000000178 0 0 0.2672371000000000052 0
1.0300000000000000266 0 0 0.2672371000000000052 0
1.0400000000000000355 0 0 0.2672371000000000052 0
1.0500000000000000444 0 0 0.2672371000000000052 0
1.0600000000000000533 0 0 0.2672371000000000052 0
1.0700000000000000622 0 0 0.2672371000000000052 0
1.0800000000000000711 0 0 0.2672371000000000052 0
1.0900000000000000799 0 0 0.2672371000000000052 0
1.1000000000000000888 0 0 0.2672371000000000052 0
1.1100000000000000977 0 0 0.2672371000000000052 0
1.1200000000000001066 0 0 0.2672371000000000052 0
1.1300000000000001155 0 0 0.2672371000000000052 0
1.1400000000000001243 0 0 0.2672371000000000052 0
1.1500000000000001332 0 0 0.2672371000000000052 0
1.1599999999999999201 0 0 0.2672371000000000052 0
1.1699999999999999289 0 0 0.2672371000000000052 0
1.1799999999999999378 0 0 0.2672371000000000052 0
1.1899999999999999467 0 0 0.2672371000000000052 0
1.1999999999999999556 0 0 0.2672371000000000052 0
1.2099999999999999645 0 0 0.2672371000000000052 0
1.2199999999999999734 0 0 0.2672371000000000052 0
1.2299999999999999822 0 0 0.2672371000000000052 0
1.2399999999999999911 0 0 0.2672371000000000052 0
1.25 0 0 0.2672371000000000052 0
1.2600000000000000089 0 0 0.2672371000000000052 0
1.2700000000000000178 0 0 0.2672371000000000052 0
1.2800000000000000266 0 0 0.2672371000000000052 0
1.2900000000000000355 0 0 0.2672371000000000052 0
1.3000000000000000444 0 0 0.2672371000000000052 0
1.3100000000000000533 0 0 0.2672371000000000052 0
1.3200000000000000622 0 0 0.2672371000000000052 0
1.3300000000000000711 0 0 0.2672371000000000052 0
1.3400000000000000799 0 0 0.2672371000000000052 0
1.3500000000000000888 0 0 0.2672371000000000052 0
1.3600000000000000977 0 0 0.2672371000000000052 0
1.3700000000000001066 0 0 0.2672371000000000052 0
1.3800000000000001155 0 0 0.2672371000000000052 0
1.3900000000000001243 0 0 0.2672371000000000052 0
1.4000000000000001332 0 0 0.2672371000000000052 0
1.4099999999999999201 0 0 0.2672371000000000052 0
1.4199999999999999289 0 0 0.2672371000000000052 0
1.4299999999999999378 0 0 0.2672371000000000052 0
1.4399999999999999467 0 0 0.2672371000000000052 0
1.4499999999999999556 0 0 0.2672371000000000052 0
1.4599999999999999645 0 0 0.2672371000000000052 0
1.4699999999999999734 0 0 0.2672371000000000052 0
1.4799999999999999822 0 0 0.2672371000000000052 0
1.4899999999999999911 0 0 0.2672371000000000052 0
1.5 0 0 0.2672371000000000052 0
1.5100000000000000089 0 0 0.2672371000000000052 0
1.5200000000000000178 0 0 0.2672371000000000052 0
1.5300000000000000266 0 0 0.2672371000000000052 0
1.5400000000000000355 0 0 0.2672371000000000052 0
1.5500000000000000444 0 0 0.2672371000000000052 0
1.5600000000000000533 0 0 0.2672371000000000052 0
1.5700000000000000622 0 0 0.2672371000000000052 0
1.5800000000000000711 0 0 0.2672371000000000052 0
1.5900000000000000799 0 0 0.2672371000000000052 0
1.6000000000000000888 0 0 0.2672371000000000052 0
1.6100000000000000977 0 0 0.2672371000000000052 0
1.6200000000000001066 0 0 0.2672371000000000052 0
1.6300000000000001155 0 0 0.2672371000000000052 0
1.6400000000000001243 0 0 0.2672371000000000052 0
1.6500000000000001332 0 0 0.2672371000000000052 0
1.6600000000000001421 0 0 0.2672371000000000052 0
1.6699999999999999289 0 0 0.2672371000000000052 0
1.6799999999999999378 0 0 0.2672371000000000052 0
1.6899999999999999467 0 0 0.2672371000000000052 0
1.6999999999999999556 0 0 0.2672371000000000052 0
1.7099999999999999645 0 0 0.2672371000000000052 0
1.7199999999999999734 0 0 0.2672371000000000052 0
1.7299999999999999822 0 0 0.2672371000000000052 0
1.7399999999999999911 0 0 0.2672371000000000052 0
1.75 0 0 0.2672371000000000052 0
1.7600000000000000089 0 0 0.2672371000000000052 0
1.7700000000000000178 0 0 0.2672371000000000052 0
1.7800000000000000266 0 0 0.2672371000000000052 0
1.7900000000000000355 0 0 0.2672371000000000052 0
1.8000000000000000444 0 0 0.2672371000000000052 0
1.8100000000000000533 0 0 0.2672371000000000052 0
1.8200000000000000622 0 0 0.2672371000000000052 0
1.8300000000000000711 0 0 0.2672371000000000052 0
1.8400000000000000799 0 0 0.2672371000000000052 0
1.8500000000000000888 0 0 0.2672371000000000052 0
1.8600000000000000977 0 0 0.2672371000000000052 0
1.8700000000000001066 0 0 0.2672371000000000052 0
1.8800000000000001155 0 0 0.2672371000000000052 0
1.8900000000000001243 0 0 0.2672371000000000052 0
1.9000000000000001332 0 0 0.2672371000000000052 0
1.9100000000000001421 0 0 0.2672371000000000052 0
1.9199999999999999289 0 0 0.2672371000000000052 0
1.9299999999999999378 0 0 0.2672371000000000052 0
1.9399999999999999467 0 0 0.2672371000000000052 0
1.9499999999999999556 0 0 0.2672371000000000052 0
1.9599999999999999645 0 0 0.2672371000000000052 0
1.9699999999999999734 0 0 0.2672371000000000052 0
1.9799999999999999822 0 0 0.2672371000000000052 0
1.9899999999999999911 0 0 0.2672371000000000052 0
2 0 0 0.2672371000000000052 0
2.0099999999999997868 0 0 0.2672371000000000052 0
2.0199999999999995737 0 0 0.2672371000000000052 0
2.0299999999999998046 0 0 0.2672371000000000052 0
2.0400000000000000355 0 0 0.2672371000000000052 0
2.0499999999999998224 0 0 0.2672371000000000052 0
2.0599999999999996092 0 0 0.2672371000000000052 0
2.0699999999999998401 0 0 0.2672371000000000052 0
2.0800000000000000711 0 0 0.2672371000000000052 0
2.0899999999999998579 0 0 0.2672371000000000052 0
2.0999999999999996447 0 0 0.2672371000000000052 0
2.1099999999999994316 0 0 0.2672371000000000052 0
2.1199999999999996625 0 0 0.2672371000000000052 0
2.1299999999999998934 0 0 0.2672371000000000052 0
2.1399999999999996803 0 0 0.2672371000000000052 0
2.1499999999999994671 0 0 0.2672371000000000052 0
2.159999999999999698 0 0 0.2672371000000000052 0
2.1699999999999999289 0 0 0.2672371000000000052 0
2.1799999999999997158 0 0 0.2672371000000000052 0
2.1899999999999995026 0 0 0.2672371000000000052 0
2.1999999999999997335 0 0 0.2672371000000000052 0
2.2099999999999999645 0 0 0.2672371000000000052 0
2.2199999999999997513 0 0 0.2672371000000000052 0
2.2299999999999995381 0 0 0.2672371000000000052 0
2.2399999999999997691 0 0 0.2672371000000000052 0
2.25 0 0 0.2672371000000000052 0
2.2599999999999997868 0 0 0.2672371000000000052 0
2.2699999999999995737 0 0 0.2672371000000000052 0
2.2799999999999998046 0 0 0.2672371000000000052 0
2.2900000000000000355 0 0 0.2672371000000000052 0
2.2999999999999998224 0 0 0.2672371000000000052 0
2.3099999999999996092 0 0 0.2672371000000000052 0
2.3199999999999998401 0 0 0.2672371000000000052 0
2.3300000000000000711 0 0 0.2672371000000000052 0
2.3399999999999998579 0 0 0.2672371000000000052 0
2.3499999999999996447 0 0 0.2672371000000000052 0
2.3599999999999994316 0 0 0.2672371000000000052 0
2.3699999999999996625 0 0 0.2672371000000000052 0
2.3799999999999998934 0 0 0.2672371000000000052 0
2.3899999999999996803 0 0 0.2672371000000000052 0
2.3999999999999994671 0 0 0.2672371000000000052 0
2.409999999999999698 0 0 0.2672371000000000052 0
2.4199999999999999289 0 0 0.2672371000000000052 0
2.4299999999999997158 0 0 0.2672371000000000052 0
2.4399999999999995026 0 0 0.2672371000000000052 0
2.4499999999999997335 0 0 0.2672371000000000052 0
2.4599999999999999645 0 0 0.2672371000000000052 0
2.4699999999999997513 0 0 0.2672371000000000052 0
2.4799999999999995381 0 0 0.2672371000000000052 0
2.4899999999999997691 0 0 0.2672371000000000052 0
2.5 0 0 0.2672371000000000052 0
2.5099999999999997868 0 0 0.2672371000000000052 0
2.5199999999999995737 0 0 0.2672371000000000052 0
2.5299999999999998046 0 0 0.2672371000000000052 0
2.5400000000000000355 0 0 0.2672371000000000052 0
2.5499999999999998224 0 0 0.2672371000000000052 0
2.5599999999999996092 0 0 0.2672371000000000052 0
2.5699999999999998401 0 0 0.2672371000000000052 0
2.5800000000000000711 0 0 0.2672371000000000052 0
2.5899999999999998579 0 0 0.2672371000000000052 0
2.5999999999999996447 0 0 0.2672371000000000052 0
2.6099999999999994316 0 0 0.2672371000000000052 0
2.6199999999999996625 0 0 0.2672371000000000052 0
2.6299999999999998934 0 0 0.2672371000000000052 0
2.6399999999999996803 0 0 0.2672371000000000052 0
2.6499999999999994671 0 0 0.2672371000000000052 0
2.659999999999999698 0 0 0.2672371000000000052 0
2.6699999999999999289 0 0 0.2672371000000000052 0
2.6799999999999997158 0 0 0.2672371000000000052 0
2.6899999999999995026 0 0 0.2672371000000000052 0
2.6999999999999997335 0 0 0.2672371000000000052 0
2.7099999999999999645 0 0 0.2672371000000000052 0
2.7199999999999997513 0 0 0.2672371000000000052 0
2.7299999999999995381 0 0 0.2672371000000000052 0
2.7399999999999997691 0 0 0.2672371000000000052 0
2.75 0 0 0.2672371000000000052 0
2.7599999999999997868 0 0 0.2672371000000000052 0
2.7699999999999995737 0 0 0.2672371000000000052 0
2.7799999999999998046 0 0 0.2672371000000000052 0
2.7900000000000000355 0 0 0.2672371000000000052 0
2.7999999999999998224 0 0 0.2672371000000000052 0
2.8099999999999996092 0 0 0.2672371000000000052 0
2.8199999999999998401 0 0 0.2672371000000000052 0
2.8300000000000000711 0 0 0.2672371000000000052 0
2.8399999999999998579 0 0 0.2672371000000000052 0
2.8499999999999996447 0 0 0.2672371000000000052 0
2.8599999999999994316 0 0 0.2672371000000000052 0
2.8699999999999996625 0 0 0.2672371000000000052 0
2.8799999999999998934 0 0 0.2672371000000000052 0
2.8899999999999996803 0 0 0.2672371000000000052 0
2.8999999999999994671 0 0 0.2672371000000000052 0
2.909999999999999698 0 0 0.2672371000000000052 0
2.9199999999999999289 0 0 0.2672371000000000052 0
2.9299999999999997158 0 0 0.2672371000000000052 0
2.9399999999999995026 0 0 0.2672371000000000052 0
2.9499999999999997335 0 0 0.2672371000000000052 0
2.9599999999999999645 0 0 0.2672371000000000052 0
2.9699999999999997513 0 0 0.2672371000000000052 0
2.9799999999999995381 0 0 0.2672371000000000052 0
2.9899999999999997691 0 0 0.2672371000000000052 0
3 0 0 0.2672371000000000052 0
3.0099999999999997868 0 0 0.2672371000000000052 0
3.0199999999999995737 0 0 0.2672371000000000052 0
3.0299999999999998046 0 0 0.2672371000000000052 0
3.0400000000000000355 0 0 0.2672371000000000052 0
3.0499999999999998224 0 0 0.2672371000000000052 0
3.0599999999999996092 0 0 0.2672371000000000052 0
3.0699999999999998401 0 0 0.2672371000000000052 0
3.079999999999999627 0 0 0.2672371000000000052 0
3.0899999999999998579 0 0 0.2672371000000000052 0
3.0999999999999996447 0 0 0.2672371000000000052 0
3.1099999999999998757 0 0 0.2672371000000000052 0
3.1199999999999996625 0 0 0.2672371000000000052 0
3.1299999999999998934 0 0 0.2672371000000000052 0
3.1399999999999996803 0 0 0.2672371000000000052 0
3.1499999999999999112 0 0 0.2672371000000000052 0
3.159999999999999698 0 0 0.2672371000000000052 0
3.1699999999999999289 0 0 0.2672371000000000052 0
3.1799999999999997158 0 0 0.2672371000000000052 0
3.1899999999999995026 0 0 0.2672371000000000052 0
3.1999999999999997335 0 0 0.2672371000000000052 0
3.2099999999999999645 0 0 0.2672371000000000052 0
3.2199999999999997513 0 0 0.2672371000000000052 0
3.2299999999999995381 0 0 0.2672371000000000052 0
3.2399999999999997691 0 0 0.2672371000000000052 0
3.25 0 0 0.2672371000000000052 0
3.2599999999999997868 0 0 0.2672371000000000052 0
3.2699999999999995737 0 0 0.2672371000000000052 0
3.2799999999999998046 0 0 0.2672371000000000052 0
3.2900000000000000355 0 0 0.2672371000000000052 0
3.2999999999999998224 0 0 0.2672371000000000052 0
3.3099999999999996092 0 0 0.2672371000000000052 0
3.3199999999999998401 0 0 0.2672371000000000052 0
3.329999999999999627 0 0 0.2672371000000000052 0
3.3399999999999998579 0 0 0.2672371000000000052 0
3.3499999999999996447 0 0 0.2672371000000000052 0
3.3599999999999998757 0 0 0.2672371000000000052 0
3.3699999999999996625 0 0 0.2672371000000000052 0
3.3799999999999998934 0 0 0.2672371000000000052 0
3.3899999999999996803 0 0 0.2672371000000000052 0
3.3999999999999999112 0 0 0.2672371000000000052 0
3.409999999999999698 0 0 0.2672371000000000052 0
3.4199999999999999289 0 0 0.2672371000000000052 0
3.4299999999999997158 0 0 0.2672371000000000052 0
3.4399999999999995026 0 0 0.2672371000000000052 0
3.4499999999999997335 0 0 0.2672371000000000052 0
3.4599999999999999645 0 0 0.2672371000000000052 0
3.4699999999999997513 0 0 0.2672371000000000052 0
3.4799999999999995381 0 0 0.2672371000000000052 0
3.4899999999999997691 0 0 0.2672371000000000052 0
3.5 0 0 0.2672371000000000052 0
3.5099999999999997868 0 0 0.2672371000000000052 0
3.5199999999999995737 0 0 0.2672371000000000052 0
3.5299999999999998046 0 0 0.2672371000000000052 0
3.5399999999999995914 0 0 0.2672371000000000052 0
3.5499999999999998224 0 0 0.2672371000000000052 0
3.5599999999999996092 0 0 0.2672371000000000052 0
3.5699999999999998401 0 0 0.2672371000000000052 0
3.579999999999999627 0 0 0.2672371000000000052 0
3.5899999999999998579 0 0 0.2672371000000000052 0
3.5999999999999996447 0 0 0.2672371000000000052 0
3.6099999999999998757 0 0 0.2672371000000000052 0
3.6199999999999996625 0 0 0.2672371000000000052 0
3.6299999999999998934 0 0 0.2672371000000000052 0
3.6399999999999996803 0 0 0.2672371000000000052 0
3.6499999999999999112 0 0 0.2672371000000000052 0
3.659999999999999698 0 0 0.2672371000000000052 0
3.6699999999999999289 0 0 0.2672371000000000052 0
3.6799999999999997158 0 0 0.2672371000000000052 0
3.6899999999999999467 0 0 0.2672371000000000052 0
3.6999999999999997335 0 0 0.2672371000000000052 0
3.7099999999999999645 0 0 0.2672371000000000052 0
3.7199999999999997513 0 0 0.2672371000000000052 0
3.7299999999999995381 0 0 0.2672371000000000052 0
3.7399999999999997691 0 0 0.2672371000000000052 0
3.75 0 0 0.2672371000000000052 0
3.7599999999999997868 0 0 0.2672371000000000052 0
3.7699999999999995737 0 0 0.2672371000000000052 0
3.7799999999999998046 0 0 0.2672371000000000052 0
3.7899999999999995914 0 0 0.2672371000000000052 0
3.7999999999999998224 0 0 0.2672371000000000052 0
3.8099999999999996092 0 0 0.2672371000000000052 0
3.8199999999999998401 0 0 0.2672371000000000052 0
3.829999999999999627 0 0 0.2672371000000000052 0
3.8399999999999998579 0 0 0.2672371000000000052 0
3.8499999999999996447 0 0 0.2672371000000000052 0
3.8599999999999998757 0 0 0.2672371000000000052 0
3.8699999999999996625 0 0 0.2672371000000000052 0
3.8799999999999998934 0 0 0.2672371000000000052 0
3.8899999999999996803 0 0 0.2672371000000000052 0
3.8999999999999999112 0 0 0.2672371000000000052 0
3.909999999999999698 0 0 0.2672371000000000052 0
3.9199999999999999289 0 0 0.2672371000000000052 0
3.9299999999999997158 0 0 0.2672371000000000052 0
3.9399999999999999467 0 0 0.2672371000000000052 0
3.9499999999999997335 0 0 0.2672371000000000052 0
3.9599999999999999645 0 0 0.2672371000000000052 0
3.9699999999999997513 0 0 0.2672371000000000052 0
3.9799999999999999822 0 0 0.2672371000000000052 0
3.9899999999999997691 0 0 0.2672371000000000052 0
4 0 0 0.2672371000000000052 0
4.0099999999999997868 0 0 0.2672371000000000052 0
